0.0928122581807
0.0928105605044
0.0928091786675
0.0928103158488
0.0928094529677
0.0928101849792
0.0928101909088
0.0928099382742
0.0928112876348
0.092810878565
0.0928111147271
0.0928092900659
0.0928097355022
0.0928087345193
0.0928097475494
0.092809416238
0.0928107110273
0.0928099467998
0.0928103461989
0.0928102126988
0.0928099613821
0.092809783855
0.0928096558073
0.0928105666678
0.0928085552113
0.0928092967702
0.0928091910219
0.0928098230664
0.0928100415736
0.0928119305922
0.0928099939975
0.0928112955257
0.0928085312106
0.0928105440382
0.0928091088461
0.0928114804955
0.0928108751232
0.0928096382427
0.0928101714842
0.0928101919528
0.092809542045
0.0928104386133
0.0928106197925
0.0928092669727
0.0928111987888
0.0928092674776
0.0928118574678
0.0928105816118
0.092810121387
0.0928092666037
0.0928096026987
0.0928085088235
0.0928091505994
0.0928106482024
0.0928093241689
0.0928111677819
0.0928097327589
0.0928091225999
0.0928114770238
0.0928101008476
0.0928095010443
0.0928105578911
0.0928092847963
0.0928113272737
0.0928095759935
0.0928090974538
0.0928099972937
0.0928097387833
0.0928093791107
0.0928100490646
0.0928095705616
0.0928108363413
0.0928113347452
0.0928095001838
0.0928096185353
0.0928076684749
0.0928105167551
0.0928113377073
0.0928102087307
0.0928080634411
0.0928101806348
0.0928095630367
0.0928108353945
0.0928087933182
0.09280997925
0.0928105103918
0.0928105445514
0.092810464707
0.0928098236748
0.0928103709017
0.092809879664
0.0928104980849
0.0928094544748
0.092809253045
0.092809954473
0.0928094971048
0.0928096162004
0.0928107484843
0.092810586304
0.09281148185
