0.881153783031
1.34590555586
0.990571743886
0.701493619229
0.81015111298
0.644374256798
0.833539318443
0.695735185484
1.04054929338
0.779030716166
0.798326741146
0.898220101658
0.764085333953
0.800357101485
0.98475202107
1.01667761551
0.995607239637
0.822482180041
0.849774167448
0.897134762303
0.829360660437
0.774140627541
1.03584663388
0.748491568833
0.775370812307
0.744678618611
0.97296220557
0.692564160999
1.04795187813
1.09143233775
0.676044193447
1.10745478558
0.802437786494
1.17013151858
0.886635039952
0.975445229178
1.06321600031
0.941470534087
0.976709600861
0.667216410224
0.695346480449
0.939018279618
0.848444347714
0.541352404438
0.922754802981
0.996145787812
0.813085978946
0.825280317894
1.39396957951
0.977909571263
0.64408356254
1.02140277922
0.947143964292
0.809310623991
0.657107772891
0.862511709772
0.733343724409
0.795947588117
0.712381432726
0.696570982279
0.667896191352
0.929636529087
1.04492943457
0.671069759845
0.719840137994
0.832471576706
1.06108907613
0.753706938162
0.829450229378
0.726137064958
0.921555440524
1.02914778201
1.0381964485
0.811968560312
0.569201446059
1.10267615986
0.920984162444
0.87728909228
1.01108320114
0.702350929192
1.00149866035
1.12677844662
0.801362418705
1.01585212622
0.798661990604
0.766780639427
0.778498034972
0.960591075048
1.19986077134
1.21021394019
0.743208493079
0.741012455171
0.777239891985
0.790126388901
0.795607767039
0.928775241172
1.08223683335
0.862830735276
0.768814242399
0.780193378583
