8.23732457763
10.3845495615
15.8878387995
15.5123324507
9.96747281566
15.5896194123
6.10660942998
10.2358828234
5.55448305793
10.5931112433
14.083160989
5.86422327301
9.38731861261
11.6026724138
10.4711419729
7.6254915475
9.508135918
14.1438829353
5.64432181401
16.8619227795
9.36101636826
10.1545694633
14.4103588721
14.3663878147
15.0390122517
7.2245850113
13.6958000947
6.50714985761
8.92605001842
11.328184496
13.4191339994
10.9472012102
8.83553056255
15.4778124119
4.73576993854
11.9739568147
8.09236003974
9.44610786124
12.7565889888
10.9959405364
8.14946881346
9.16823001616
10.6449517018
16.8762656486
10.022819332
15.006210815
8.80259861968
7.10862015845
10.4687317922
5.84245750798
8.84152341679
16.9130104135
4.24795378598
5.7012272422
6.35999967554
8.83365192205
8.43209535181
12.0459961286
10.09040514
10.7296084236
7.38347317639
11.0967506505
5.58638146377
6.93864007196
9.56312047874
15.2464663064
10.1191609454
11.9332172785
10.2359130001
7.97063382853
7.15414420754
12.365500255
16.1213256194
19.4709501275
12.6360665953
12.9018887601
6.10490185886
10.8833236743
9.75981065565
20.4870742867
11.0676886704
9.23750083341
11.437151025
8.95125885891
11.0254151384
12.0218527559
10.7901315603
11.2823192366
10.6859181334
11.9989508245
12.8972056937
10.0132885934
12.4854508003
9.41047097383
14.6815180248
5.84913530761
11.7028875107
12.0957609312
10.7404358533
13.5297337582
