47.6892908138
46.9537912322
47.605733149
47.6145105448
48.0104682234
47.8200081022
48.5483780563
46.0376092204
48.880913255
47.8971623805
47.9917348377
48.2960592609
47.3349762106
47.4039030635
48.118090858
48.1353007799
49.0156315227
45.7989084927
47.1332467202
48.7649204679
47.4353097365
47.2410226422
47.0321738231
47.2854095559
48.3328693191
48.4327684959
47.939395053
47.967826641
47.2167869222
47.3249524387
47.1316909396
47.611153086
47.0216750231
46.6498019718
48.2002611099
45.8747285568
47.7633880417
47.4249515222
46.6123703216
46.5413992843
47.4354304631
46.6293311493
47.7294663445
46.2318906458
48.6808040093
47.3850421251
47.1946835684
48.7249950965
46.9760090175
47.7291971896
46.9854539897
48.1406203701
48.1787976194
47.7864749527
47.599650638
46.7302506894
46.8895462877
47.9344934648
46.7702581892
48.2142584912
46.6915100394
45.5212569953
48.7682657696
46.9697562115
48.0817101207
47.1053462118
47.5697677056
48.2294836534
48.0953950239
47.185749558
47.2521835131
47.8564867095
46.12971126
47.6732477062
47.4154925545
46.7769999871
47.1921529875
46.9208292395
47.4274992373
48.5147001132
47.616108625
46.5200462138
47.2837084262
48.0399671679
49.1688709886
48.1028870812
47.9358942664
47.7047198025
47.5635839154
48.0611081572
48.2349134723
47.361218551
46.4842996456
47.663662387
47.2797030951
48.3234069552
47.6919299951
47.6617701175
45.9666873714
48.1221897665
