119.79670014
121.134961546
119.793780722
122.397145246
119.885362909
122.400413031
119.565455067
120.704275914
119.424488267
119.77645941
121.250571752
121.193243103
121.194967821
120.839226267
123.43967055
119.613613232
120.244440787
121.480966219
120.08003905
121.63274593
124.629188139
120.771701243
123.974857684
121.775678078
120.590149981
123.548338057
120.464312229
122.006541087
119.557486335
122.26109219
121.475795409
121.139016676
120.489175627
119.647448425
120.700571434
119.815573496
120.597782308
121.369569186
120.156476583
120.745325453
121.153176521
120.499545174
121.47134776
119.103942902
122.381270483
120.481004193
120.470838871
121.154134266
120.7029737
124.248515699
119.477294671
120.04722863
124.228265197
121.779478254
121.652976457
121.408269897
119.761002534
121.511257463
120.715202364
118.508931818
121.053674866
119.938421148
121.307172915
117.485047144
121.243227252
120.556563148
121.715153743
122.140875179
121.377128839
122.314664442
121.26657406
120.739105192
121.864902111
120.56943289
121.355334547
120.012610466
119.189351711
118.568364119
121.680992165
120.516536286
121.263816499
121.762764859
122.862782758
122.781805509
123.660884861
121.158364766
121.092511575
121.454520207
119.830311651
123.008069638
119.967935346
121.917119872
121.005631445
119.742483232
122.421454269
121.062184109
119.359129582
123.292110066
121.903382245
120.886920273
