36.9559271828
41.2354498878
36.5688442005
52.7885121656
26.3553839977
46.3319239863
32.0181510597
39.2671125443
45.3918638301
43.1193606621
46.9489257334
27.1539360808
32.7385646513
46.2945043141
39.3346105228
56.6859601918
52.3453086337
32.4518655648
38.5101976698
35.3565797679
49.9175925763
40.1884231979
59.3779340797
31.5837642905
37.274547423
41.2442573166
54.1133154166
47.2998393494
41.1280361063
38.7268317054
44.7895253036
50.3273925865
33.5301610449
42.7543053519
42.9999940262
33.3535867641
55.5807657709
50.5570691285
36.8891612225
25.8239673262
32.951199018
32.709381842
53.9188826218
62.8045260485
45.4973110606
58.5023042879
41.3907017198
57.1640809545
50.8798146411
39.3600146909
36.2938019891
36.4501936812
46.2728973518
58.2107658605
52.5779866425
34.7504316264
50.8315695146
84.0363352804
44.3781916117
45.4261752646
37.9276356908
40.2008346327
33.6971682274
29.3633147978
30.1290036674
29.9432099451
40.9179085814
48.1591709829
55.3681913394
56.3520499902
44.2563210011
44.0455706515
37.4109188858
37.3397778965
32.7425390061
55.9080204821
39.5078643574
41.4009627899
30.7620568386
30.6657033965
30.7851948844
64.0373282527
28.0885360338
50.5671512995
35.7172055664
22.9152606855
35.3190583978
33.9527881059
64.3844221998
35.1466401945
41.6952284624
33.935435661
50.4294286486
28.6728159434
58.7535550521
41.3464952074
72.754006975
27.45602317
29.6102395023
33.5191054911
