71.8255960084
72.0098391477
70.9297545503
69.9707537823
80.4266400226
71.4694654163
66.8773139832
71.3952921947
64.7430059752
60.0563965045
70.2414394897
69.090584799
69.8861669831
63.5463723121
84.5219720324
69.7300973846
69.6820262042
82.9882681092
69.9546949049
73.5754018657
89.0356427608
76.4301705341
69.3549897228
69.7525783922
71.4170699455
57.3689527199
64.2116624909
59.0842965751
67.4831599242
62.2139450807
88.7883836093
59.2289737736
74.0134124179
69.4776392945
77.0864499093
76.8393437503
77.5631842921
70.9052394982
53.863553725
61.5136781481
62.3775135648
62.5641572373
68.3090813083
66.1803416328
58.2864887784
85.638723236
71.6425057665
67.6284521715
66.7640561511
75.7763746877
68.9507169943
70.546916351
65.1656265259
68.5966667509
83.3575630841
74.6838019718
74.3325204125
59.6791836081
68.1021780986
71.6311141044
72.039084887
73.6697379289
68.1175238194
72.2841297053
55.3139556885
72.9240812483
69.6365255792
57.042995659
58.6534320786
58.0147770996
67.5646676335
72.8727927618
65.1957324827
76.0034452047
74.3375219431
63.1417999664
61.5972540908
72.1361310999
63.7608552159
73.7075161566
79.223854598
77.1959221715
75.62798137
57.0279016739
73.1858261076
77.5984438523
73.3678381555
62.5099695163
80.8524091204
83.3321829532
64.0001469166
71.7562193238
69.0068797068
64.8315222687
71.2121412694
56.715108322
54.493160708
70.2667284335
65.457493209
84.8217872379
