0.578517737882
0.578477772738
0.579011007583
0.578613477279
0.578435987771
0.578851617023
0.578689545355
0.578647790424
0.579024370186
0.578679657379
0.579136950812
0.579132790734
0.578362672023
0.578733804601
0.578776904054
0.578417377259
0.577929268595
0.578169695756
0.578940739849
0.5788123981
0.578315481235
0.578387701765
0.578463006285
0.578618297197
0.578512327914
0.578579836788
0.578510637104
0.57933822714
0.578251876761
0.578644063816
0.57867648324
0.579055864936
0.578420985283
0.578965056666
0.578418819379
0.578655054532
0.578755808503
0.578216761534
0.578292997868
0.578876040227
0.578770978144
0.578319314599
0.578655822161
0.578284451896
0.578669218948
0.57897099081
0.578604828846
0.578364202347
0.578842615798
0.579057502411
0.578759623612
0.578640372097
0.578734205298
0.578798169696
0.578579708722
0.578220649054
0.57918188997
0.578287859762
0.578584814656
0.578184436561
0.578864031131
0.578531974045
0.578466507938
0.578412308209
0.578540987109
0.578894569177
0.579034222487
0.577886318599
0.578866283847
0.577926146742
0.578775468612
0.578768876975
0.578951725604
0.578987510493
0.578635236828
0.578139126642
0.579098555847
0.579203521269
0.578518643249
0.57864052896
0.578594145648
0.578475687687
0.578837530981
0.578659893781
0.578561074965
0.578970359323
0.578268599135
0.578521205321
0.579177375875
0.579050246494
0.578914631937
0.578738688083
0.579230815964
0.578898346307
0.579100109237
0.578462657912
0.578539322432
0.578215713902
0.578659813317
0.578920283353
