185.467603131
177.53197764
275.374501248
206.212933441
174.049329189
241.987911218
191.585044184
347.189038985
315.078076931
156.469533941
331.51387934
181.180010852
213.925211726
242.094377908
214.156974779
206.242697653
266.362205208
295.233384534
168.181652029
228.769876257
187.394975887
178.503284076
174.885731886
270.347144132
216.871492812
204.049288554
160.891954549
215.930287355
255.184931351
250.335152095
292.693290453
259.147267253
220.663477855
295.461391164
200.9891284
309.217154692
200.200402684
239.766923468
268.832897962
265.00055909
243.537382691
196.83365044
146.45476626
227.716425295
255.420133418
259.211465124
159.819041424
212.44255611
278.933922084
279.556874561
223.767545763
190.054050443
307.662877707
204.386306442
217.048174409
246.157263651
312.348393974
143.852380509
139.563888917
219.336136923
183.926722211
174.768788464
293.738041799
189.926934991
305.833906072
147.233407645
254.740750158
304.816863278
132.980369636
159.630437015
196.84811521
305.565315219
288.693777976
214.50227329
229.482567442
198.156506975
211.198355451
208.298132641
160.488166555
197.619437601
176.419374408
239.103616803
305.122203225
254.111806768
197.31877317
147.922980264
176.955516075
227.368904297
136.878182107
278.484920673
200.367212654
189.51014862
204.126842392
239.423431307
190.858482625
232.129830237
290.370097404
230.299998735
200.452190803
349.01988377
