129.108220703
121.465184863
127.281628898
125.258388731
126.556167771
125.696651313
124.503958611
124.739238372
125.805396662
120.520381471
127.102088536
128.457639644
122.054391547
125.794923956
129.558709876
125.24426518
128.046630969
125.203953652
129.222803108
124.158595731
130.57147541
126.419455178
128.246812447
128.692551907
129.872128828
121.450355779
125.293901494
128.024581473
127.275150232
130.898588784
129.118039268
126.917303367
127.123411618
124.428634925
124.451168998
126.250914242
129.817801801
125.941752948
124.801004758
124.698261139
126.648142799
129.437057149
123.503991492
125.193183052
124.970284022
123.475075371
128.844403141
132.124921058
126.483050521
131.501884375
127.514276219
127.754878973
127.633043004
127.780870096
125.735649454
126.039795434
126.886287671
122.684832237
124.986261031
127.666916573
127.044394136
130.078723688
123.851790468
128.256712012
124.591209986
125.559243343
126.404525776
122.501728374
128.401729592
125.733254665
125.208728609
130.523701495
128.901155139
124.501022091
125.728768081
128.569023102
125.59948833
126.13723791
127.065382366
126.243940479
125.521660472
122.954001269
124.639528785
122.781117834
128.896660279
130.395912993
124.959875309
126.614530046
126.204090392
125.444625975
126.910885516
120.842406569
126.299258685
123.873612569
129.583309144
128.634117859
125.651936179
125.134592855
127.326185573
127.952176761
