47.141105706
45.9446299928
46.9444736208
47.3931009432
47.1888405467
47.9339381027
47.9834889636
45.5099736059
47.971089912
47.8750654392
46.3496455422
46.3872100724
47.5170789069
46.3184239759
47.5433165224
47.9057582314
46.7363153517
47.7876778139
48.3375810924
47.8560574776
45.9443090051
47.814021244
48.3634523861
47.1140209916
46.5499756405
46.6222764058
47.4375296641
47.4326914855
47.943755969
47.9048381722
47.7576116835
46.4069959954
48.0650916387
47.3152368448
46.9187752191
48.0780656599
48.1331649713
47.6242871403
47.4503698175
46.7908289894
46.1011707623
46.3178008387
46.4905023913
46.2088660495
47.2438759067
47.7607373322
47.3539286467
47.8604176354
46.0756085766
47.1974709593
46.3508797433
47.8751307334
46.8937616503
46.798329572
46.9676633343
48.2694585535
47.4734009284
46.8214997885
48.250726847
47.1887191687
47.3451106917
47.968752414
47.0289257258
47.5325626485
46.8929335957
47.6341380474
47.0245581297
48.0052881881
46.717893031
47.2193307821
46.9725663149
46.9634632969
47.5148550416
47.9349910823
47.2835098284
47.6025625082
47.9947640533
48.2292193496
47.6531466472
47.1657138747
47.5195989211
46.8129502218
47.2399152902
48.4667232661
48.7313872458
46.3433806404
46.5666422363
48.3688242803
47.6136270017
46.2458882894
46.2798291613
47.6900431262
47.2835636472
47.7388670409
47.432240722
47.1234282974
47.3634704009
46.7181337486
47.6638613037
47.8403122087
46.954810467
48.0982186868
48.0536513433
46.619529483
48.102829626
47.1588563141
47.7007255759
47.0646399134
46.0162806786
46.1625108081
46.9855010034
46.3638650692
46.7067320287
47.8876456063
47.3597876124
48.1479789558
47.0621698889
48.8027300691
47.089046741
46.6408826723
46.9959042117
48.5740992151
47.1598335217
48.5147188736
46.9522392684
47.594354469
47.4321864726
46.8584089393
47.0985589433
46.3686884817
46.7449419922
47.1946928147
47.6726108529
47.5140289428
48.1813367065
46.9040436477
47.03283887
48.8658394128
46.843926651
49.0180682517
47.3249215091
46.882742791
48.1668808744
46.0741201689
47.7083084905
48.1475724479
48.1472085664
47.2906387645
47.717155111
47.5360652029
48.8993200952
47.0138533834
47.7919613039
47.8692920536
47.3259690722
47.0592104843
47.9277555506
47.3249705127
49.0580539333
47.0297477668
47.6777094856
46.4213637507
48.5239888158
48.3500993824
46.8383255756
47.8951795525
48.5201734267
47.7457358212
49.6949293748
46.7255476413
46.3486051267
47.2907047723
46.2746657939
47.1518521175
48.1220868361
47.6279594414
47.8017181921
47.3697317077
47.1832512931
46.9765910429
46.4509149134
46.9981584585
47.7264669242
48.5578842526
47.730275101
47.2948983499
47.8441937811
46.1938572031
48.4274712526
46.8267795165
48.4128513104
46.7386048423
47.0432210543
48.0787638314
48.6303778552
47.2088209249
47.3517557185
47.2162120806
46.5155592756
48.5152974171
47.9226666729
46.3856387349
48.0237960126
46.8337103311
47.2068912995
47.1642548352
45.7119782334
46.9282539239
46.389586456
47.7343019261
47.5718815743
46.4274443968
46.7715006431
47.9518914877
46.9061364358
46.8984684626
48.5292874744
48.9184288114
47.6506251363
47.4115633404
47.3095954409
47.4347639422
46.5118073234
47.4842903682
47.0118923518
46.5267482258
48.2785007695
48.770664056
48.1961695589
47.2729002342
48.2872188572
48.8139057878
48.2155003055
48.1898107972
46.7827286936
47.8528687443
46.9520421026
47.5950596074
47.326399164
46.4591434893
48.8131763272
47.4891895592
48.2290106091
48.7846928062
45.8493349993
47.0065334328
48.0539812818
45.9006680467
46.8939266427
47.7323076888
47.2937361533
47.1177338817
47.1454003882
46.269854323
48.5824433168
46.9680884692
46.3585339886
47.5713223518
46.5471850595
48.810833418
46.8665295096
47.6851279951
47.2081053883
48.2685270175
48.2648124701
48.2456190285
47.612196496
46.270958186
48.1224574118
47.2072367277
46.9213432759
47.250028913
47.5303483133
47.3103561282
47.291401412
46.5787714409
47.1276826405
46.7174374649
47.6780695192
47.0002296614
47.4878060748
47.8857545922
46.7618799301
46.7551933083
49.0901409792
47.3259171233
46.8803004782
47.8050999837
48.9471901293
47.617052009
47.3855999683
48.1179445602
47.8284706961
46.7411040869
46.4575326107
46.8446042794
47.2214881055
47.5357632889
46.8553084712
47.8677995354
47.0579473816
47.1700476536
48.5303695883
46.7489441999
47.5352522956
47.1507481885
47.6934992828
47.5823630824
47.858676313
48.0092769373
47.3047160026
47.3712256604
47.9395540144
46.7313041093
46.531101179
47.6456287605
48.0984918853
47.6909124562
47.5578356967
46.7087765982
47.5706894173
46.6217710085
47.0012760514
47.20407422
47.5666011726
47.9064297862
48.3421986077
47.3960900177
47.2795799386
47.4542978537
49.5392465314
46.2864034666
48.2178298535
47.1533331822
47.6308387645
47.7437017185
46.65321536
46.561592594
48.695673498
46.5374597406
47.5058500086
48.2214949986
47.0315415178
46.5546045243
47.0214442787
47.4990345728
46.9600558776
47.6052357123
47.4202695494
46.7432268698
47.086947261
47.4132336914
47.7372770203
47.1997826696
46.9796369954
47.5544580914
47.1718479904
45.7987286465
47.5123170814
47.6357887664
47.1792304908
48.4004468525
47.7402473788
48.2712591388
47.7728413788
48.1120252794
47.5151767901
47.0188357235
48.2874055495
47.018403189
46.7883552103
47.3264068076
47.4774422335
47.2500284214
48.6263888535
48.0787233255
46.8469247123
46.5787575107
47.1487358928
47.038574538
47.5694328746
46.9227446684
46.9098237336
47.4073788354
47.7174646422
47.729601113
47.3734215946
46.4493904088
48.6730487308
48.0300811007
47.3690294407
48.2723065187
46.8621454784
47.4078005017
48.9075850912
47.9076590078
47.1560960938
47.6314792425
46.9618755287
46.7339133647
47.8842069279
47.0572269975
47.3582014854
47.7837720956
47.7399323028
45.9918359577
46.5748058912
47.1755702461
46.3358705754
47.3812459082
47.0172180372
48.5378036989
47.6707848875
47.1579273169
46.832240491
47.8502697433
47.3851317668
46.7301469152
48.2309107654
47.4080866425
47.3898153833
46.5651484458
48.0710423366
46.9183849266
46.877267794
46.6194696916
47.7330650114
47.6101950022
47.5136806585
48.4946671643
47.774678487
47.7981920926
47.251505116
46.6257031274
47.7305979771
48.0305752052
48.8754755383
48.8462435769
47.4630333268
48.0587369928
47.7232404153
47.5532750344
46.4136612923
47.8140250848
47.2828804439
47.1467164129
48.7650341186
47.0100286433
46.906835043
48.5986533625
47.4579174163
47.3418689741
46.994192892
45.8510359308
47.4049271193
48.0735111041
48.4457118828
48.2068627671
47.5501014805
47.7423250502
48.9865771922
47.8229113779
48.1273678286
46.9126715226
47.5177651954
47.7146309259
47.2661085324
47.1714074282
46.8344493902
46.634544762
47.5111952583
47.687784161
47.8792190064
47.922664452
47.962007019
47.0889906358
48.0921555425
48.064402331
47.035089876
47.5355389293
48.6610969565
47.4242733782
47.0218108519
47.9444718865
48.018098554
47.830401245
49.3086876966
47.0739393512
48.4925715198
47.8189026407
48.7344389499
47.2592289806
48.2643729835
47.3209961985
47.8802014155
46.3207865984
48.315917118
48.6364018045
48.3134812894
47.3349029613
48.1787302529
47.3604871371
47.9256690728
46.9430398956
47.2899937111
47.4228941475
48.5778457403
48.1007422385
48.1218863494
47.1495870886
46.164654258
47.3083263286
46.9486481987
47.7203666698
48.2145473275
47.1184112503
46.3522550671
46.7772855262
47.9215758894
48.7766534058
47.8979129422
46.1861409896
49.4298237454
48.4838048339
47.2214687047
48.3255006429
47.2952278624
47.1443401466
47.6231825729
49.2245993828
47.122868238
47.0894165059
47.8382336926
47.6729596713
47.9914957375
47.8582471823
48.0384938687
48.2421685276
47.1822633642
47.984827971
47.5865594409
48.1272534061
48.1132630814
47.9221000039
47.2183307347
47.5720733539
47.6600742417
47.7064430814
45.7172657594
47.141417122
48.3619965543
48.530681047
47.3013877793
48.2490174252
46.6243520621
47.8642484948
47.0601646205
46.833015789
47.5731310874
47.3301208156
47.4679189612
48.1273292629
47.5991178708
47.7267516504
46.5635780733
48.2251016115
47.5529474068
48.4007421307
48.1093199226
47.732883045
46.9160756355
46.4073293919
47.3258771036
47.337796695
46.8674209364
47.9988103818
47.4836081335
47.1735673073
48.2558941652
47.4348011156
48.7336412768
50.7987139959
47.9315414628
48.9477430497
46.927081016
47.6263106513
47.3815956739
46.5773294447
45.9096300286
48.2988541869
48.4008644392
46.4630433105
47.387115752
47.5416847783
48.1989642955
46.3528703527
46.6421301143
47.6009719394
47.9003161157
47.7090962877
46.1117781877
47.6885901919
47.6458137695
47.5261484331
48.512237622
47.4384570568
47.539850945
46.9240693053
47.8872107351
48.3960486232
46.8776953506
49.3295478088
48.1715397616
47.7472566975
46.6349141808
47.4219620798
48.0166281666
47.2650946944
47.0519414452
48.2055197307
47.0113705645
46.7664831425
47.8914265775
47.7464111779
46.5499573437
48.9852547193
47.238597206
47.5438765183
47.2139486987
46.5140106246
46.5761027926
46.3373469497
47.7818105308
47.5683239828
47.6562117363
48.8047746133
47.6078176555
47.7508111098
46.9723958277
47.3654724454
47.2592889743
48.190140361
47.4511521261
48.8831174195
46.8993674707
48.6270783539
47.6678421982
47.4612077787
47.1909683312
47.2569928869
47.9510310287
48.3280764336
47.1793148361
47.0720222539
48.7842020257
47.8935871617
47.0938654006
47.8710680196
47.8434020523
48.4242747974
47.4556212928
47.8392966297
47.2627865731
49.4448397299
47.412173219
47.7309733585
47.1205896926
47.8972183396
47.1348318678
46.9823737986
47.9938899314
47.068324826
47.8824348943
47.598740289
49.5397204047
46.6570778424
48.2664719418
48.1105732779
47.0695006382
46.585085068
46.4414641493
46.6376301242
47.5768007725
46.4885493034
48.7531607526
46.6123871827
47.1165175536
48.1748340744
47.3081418204
47.6197022552
48.4883824335
46.940345353
47.8676922513
47.9086656987
46.1646177664
47.2632679644
46.5261528051
48.0999351407
47.4307659575
47.6115126728
46.652393641
47.8153180931
47.9023527245
47.6061901636
46.7620284626
47.2457956894
47.4847015813
47.4308850512
48.7278035752
48.0872945213
48.3173110444
48.1315832699
47.2347262531
48.0442261566
47.5359728747
48.1576307881
48.5834265452
46.6240607929
46.0879253775
47.6573615436
47.7187012777
47.5252736815
47.8509674586
47.422556714
47.5450368938
46.4834220805
47.1127084611
48.3713101874
47.7682031055
47.7692096891
47.3311830968
46.3267344023
47.6960265262
47.7927080273
48.3967794813
47.8820181061
46.4834458518
48.0909910635
48.6323567285
47.0995103319
49.2198379484
47.7386718585
47.1337452026
48.266000065
47.2422857886
46.259070408
47.6520813088
47.847737991
46.9123298404
47.2003953854
48.4213346802
48.1648319356
48.3587015077
48.5658014327
47.3695781702
47.5021881652
45.9572087307
48.7468531625
47.8679215938
47.2937252984
47.8614380769
47.4182888859
47.7237258477
47.356298061
46.7996288215
48.7829661134
48.5443684476
47.8528942493
48.5638306336
48.0442905265
48.0110171068
48.1467777817
47.9299476566
47.8222230028
46.994348666
47.3859719535
49.1758088138
48.1374420781
47.2897619157
48.4052353472
46.8230422164
48.7791249034
47.9609316811
46.8314718574
47.2840793106
47.9340072986
48.0345584339
45.9109346437
46.7762871291
45.830546638
47.4808993928
47.4075023912
47.1984773941
47.5602137174
48.3550142952
48.0653695973
47.1456028689
47.1239224846
47.4328956323
47.8743877168
48.314373651
46.855937881
48.1900059988
47.6068973177
47.9813474077
47.4019559336
49.0567882849
47.3056143871
46.6058190425
46.9111092059
47.4914532166
47.8606518111
48.987648116
47.0788392878
48.0993218393
46.5561536334
46.7704152461
47.4637226191
46.953137343
47.5858873977
46.305153932
47.9563417984
47.9160824558
48.0867551012
48.8475040249
48.0164205026
47.9361559558
46.9623515642
47.2633408227
48.1798360521
47.7012631309
47.8016537008
46.6599860626
47.8560162569
47.344367574
48.0488642319
48.2774559204
47.1123653291
46.9014870512
48.7316330386
48.7821379243
47.3967970245
47.0345193447
46.5746981943
47.5420458806
48.5841219287
48.1499111733
47.9683663003
47.4757215403
47.648888306
47.5901420975
46.7626001567
46.9156232574
48.5927083665
47.2328345757
48.8424019733
45.5132183682
47.9361447215
47.2565265376
47.0461693467
46.8178527784
48.7914770447
47.9047679038
47.7785535196
46.5265917425
45.9594995102
46.8934303863
47.0443399757
46.4815425829
47.0695664589
47.3935865057
48.0312855927
47.3675245898
47.1942289514
46.7469227555
47.6594040344
48.3135801315
48.9461807553
47.6091704592
46.868468872
46.9164954505
47.7578509355
48.5616393757
46.752243099
46.6816561387
47.7583081791
48.6265500453
46.7528632515
47.6041029392
46.342998809
47.9323787269
46.3819458956
47.308435925
47.2167066035
47.7434381495
48.1935807324
48.1875204311
47.5762478998
47.676691149
46.6826288643
47.4176429634
46.6591461199
47.8253655365
46.2430730098
46.6218017436
47.662823474
47.00931924
47.147736406
47.5937526309
46.6234024626
48.3251001389
46.9525654825
48.4437215913
47.024349202
47.5991281357
46.8183117307
47.3156057112
46.7340502088
47.2869683372
47.0031561075
47.6291415085
48.0097840813
47.192409471
47.9868104707
47.3465046552
47.8318117177
46.5820054423
47.4016827489
48.1020688976
47.5320290929
46.8776825337
47.4973787527
46.570045804
47.7440438941
47.1915565253
47.6207359411
47.2892049717
46.2017299216
47.2017315146
47.7324166815
47.4249700005
48.0399323539
47.5078267718
47.1252931568
47.7798761338
46.8768074172
46.4576906404
47.8307586268
47.2815123814
47.3680445817
47.4359675135
47.7984781525
47.1988299052
48.598449489
47.3674347861
45.8025612705
47.2159096424
47.8686112933
46.6304608471
47.6680649639
47.7640557275
46.7805932504
48.0878556953
46.7300637386
48.895937526
47.8529682554
47.6005953348
47.3842207486
47.9429272945
47.2435872773
46.5700684392
46.5121003098
46.88464457
47.8581523905
46.9779931304
46.2438736302
45.9750893364
48.3076196674
47.2746801869
48.2263031165
49.1971131664
46.0436458899
47.2282330514
48.1958201084
49.5453633372
47.5292828203
47.0348678441
48.1294596537
48.2262309499
47.6050567003
48.6044608883
46.4969258998
47.5010743916
46.626150648
47.8270517447
47.2433836769
48.4464908282
46.5807116129
46.8941452118
48.130560772
