9.75734627338
11.4308579682
5.87765071801
9.17254867813
9.68390794147
14.6130760827
4.73434717725
9.82973536343
6.19893637049
8.53333858277
11.8130023852
9.89614729169
9.35209779429
8.19165987787
10.0833985438
10.2478516263
14.419728038
11.5454328509
10.8012189631
10.1300930544
17.7858431838
7.52442921309
8.98983684664
17.6354722875
14.3232681388
15.8343902236
7.35417783082
18.1044980979
8.0197734644
8.80643479185
5.84750781364
8.53574401548
6.27324475983
12.8265135439
10.2690205356
13.7055087156
5.97126812196
9.04719867419
9.60656021158
9.79726745655
7.01886007591
8.34780599611
11.1308197228
8.83590155887
20.4272616979
11.7087979641
7.14805328539
10.4566576225
12.7545336677
7.23168114793
12.3188689205
8.2302478286
10.4763837274
6.298089564
16.3606821631
8.0764891569
9.39573523681
5.66057749745
13.6224374752
6.74511970612
8.02044646276
8.62037887947
11.3183757986
9.42951188227
13.4097120566
8.09387051446
14.2119034636
7.40032622375
8.56740206115
13.1966585802
5.94598382051
9.93681027324
8.08468965075
13.3863665469
11.2678978091
9.69067288722
11.5665442868
15.6485683392
11.0929731472
10.0590441121
6.69115664171
10.9590206701
8.59018419739
7.69059107913
12.8005440605
8.18554905484
6.63152922857
11.4255458351
13.3482504864
13.3265500471
11.478273595
7.4857081038
15.9619981854
4.07808448337
11.1221691444
14.3084317774
14.5752557101
12.1602765521
6.395495014
9.69289189721
13.1758986468
8.08802513773
9.58254154605
9.75400723772
8.66390636786
13.7828345389
10.1187279576
7.44222742729
6.28061133384
10.1173922537
13.2930646595
10.513751191
5.5147876715
13.2119330141
12.2392927408
10.1685726799
12.2783391692
10.358648993
11.5251074954
5.35091169371
7.79636223657
13.8805407022
5.60748689195
9.27616065282
8.01391805768
10.259621305
11.6497279564
7.86750079091
9.13655136972
8.63963756048
14.4723308683
8.20808349314
15.4178947577
8.48093415698
10.0640151691
11.1538191013
7.86621598512
7.86060948205
9.96969223549
18.3219266742
9.99664521166
9.18171784485
11.6477587303
11.0758456226
15.3628176628
9.90418048777
14.4350321008
7.70118610006
11.6054317706
8.49603019175
12.1988889877
10.545749768
6.99325298449
9.44584805842
11.4635447102
8.81712878402
9.67682276534
13.9859496285
14.5551557529
5.17531337326
8.09748079784
11.9380247784
5.46243993426
5.60407328728
16.7417361676
9.89011042347
14.4528816181
16.6397188247
7.17273749815
14.9809825096
7.34930970051
13.4964408472
16.389410946
10.7287266963
7.67174129697
9.87405441994
10.1438210007
5.45724099053
13.0663422953
5.32038145375
8.68337501157
17.7845678372
9.41009916646
11.2917574645
11.8384065554
6.22078936195
12.3750977131
14.6677124964
6.80618184395
15.1506970287
5.6267560047
17.5091021394
8.68279528843
4.6097603525
11.9993497094
5.91877561616
10.0796054288
12.6389339457
7.65714619443
23.2876664877
13.2105937304
10.5168375526
7.28699761462
14.3311773394
9.03086239852
12.6196468993
16.3082508544
15.0873890059
11.7839889056
8.13795941791
12.1373422454
8.71699530538
13.8095009522
6.38788828635
6.12864013187
20.5087172324
11.8677271294
20.8539668534
7.20531422741
8.20359536078
13.7730250899
10.6859097702
9.91319063157
5.81034204985
10.1382167104
4.30199155883
10.019632973
17.1375691824
7.45899671803
9.61201532754
15.5735275305
12.2364235162
7.13892133029
9.97864066794
17.9920562926
5.49315005409
12.5298113679
13.5967679913
9.72201219458
6.55875958058
12.4301362561
12.693757228
6.92624519517
11.1181781087
10.7503676564
9.61276305342
15.6343523396
7.44378665655
11.602654011
10.8052229153
7.0238075087
14.2709719957
16.5304637603
7.56689426526
10.0680104024
12.545560422
8.52404467335
15.003456657
11.8358609808
9.99472486668
10.6227376104
13.184224774
10.0755852117
10.92108202
10.3022367767
10.7915574187
15.3372109631
9.57543572262
12.9527191085
9.40873575584
7.23448333558
8.80193642506
14.1600387044
11.5670887553
7.83218127741
10.0494526296
9.67556013054
5.92610882704
11.4013626014
6.31362386945
14.844807982
9.90973866368
13.4005142526
7.35821495949
21.6268813918
10.0370064835
18.2296481768
10.6683659519
8.05392985218
9.31742078869
14.5117732551
14.6150990539
8.28798055906
6.05179997663
12.6527685153
6.51820063489
7.17614756023
9.30909529047
4.70635932873
12.0529057303
12.1954316596
9.53416903316
12.7285582005
11.9668730563
9.90352844218
19.8065755269
10.0406103289
9.32981466912
8.55894470534
15.4352107247
11.1407714512
7.07030695111
8.29165690564
11.00892899
9.42044890931
9.69906346814
21.2984204059
9.79295964983
12.5925616254
10.0961650425
10.9938377673
10.1983120067
13.8426678455
18.7243915495
8.59591372291
16.6164617631
13.7561339591
11.209136232
14.3930287025
13.194380803
7.0806340248
11.8463750985
13.7071547323
13.8445913618
6.94661762202
13.6379239874
8.96790050091
6.6464259654
17.0230113105
9.48408386489
10.1495013198
13.5118394634
5.40685217807
10.7946413024
14.4139868682
8.53575791695
11.4088375944
7.52091102083
10.8900771429
14.9042696865
8.72682976492
11.6936147834
12.8392008287
7.48398145457
9.24438462564
12.0150844076
7.05040908701
11.4884495463
12.1599667387
9.87961279185
7.25660164365
13.2171757455
8.77083423512
8.54181070819
11.3055580869
8.56444036878
11.4532215911
9.33304636704
12.0990430575
11.8714041405
6.27830799919
9.98271407857
14.5470886969
17.0939504673
7.55804989002
14.6009255296
19.9396400783
9.68386295067
12.0349868161
15.8122275459
5.49876155682
16.9170471983
4.4996265729
7.78963055504
10.627526389
12.7540025195
12.6632989161
7.61233074937
13.8736134089
12.4082972657
14.3432663247
14.4936425879
18.0377130264
8.81290645463
11.66167453
8.6287525602
15.9314012621
6.95298036882
7.3646416928
4.95175181952
8.2548711278
8.41721513232
15.9527668258
12.7197767781
9.96539110703
11.8562952998
10.2666701033
8.71747449782
7.02347327155
8.04756481984
12.5223430966
13.4982009241
6.53209647247
7.53384048192
5.33007340434
6.46154704721
11.4671361458
7.94341413704
8.29202965413
8.74691201491
10.3761521586
2.75304014512
12.9863574924
6.67139256156
9.07039140767
7.43247988615
10.3180229679
11.8206473758
12.6224856574
11.2770347896
17.6743635703
14.7322372369
5.08647134398
10.04732569
7.46705058999
12.9152926997
5.42326192733
12.4930351995
13.0212193798
10.353188074
9.63168620297
8.11405520936
6.90299688309
9.78863843281
12.2638473169
10.4225586415
7.51113439898
7.22823436616
8.21057258969
10.0428731512
8.19935139181
13.2540021193
9.25638877815
13.0240649073
7.61084099025
8.45378768585
7.98335635828
18.739573044
17.5057710925
7.79190840228
8.43256143335
15.9758204196
10.3712987745
7.64352980711
18.0430020301
7.7273172426
8.60770244865
7.4004981296
12.1403249487
11.3628553975
9.37014973386
15.8112289037
8.45322741624
12.4681981226
11.4745675209
15.2336407762
15.2719240444
7.08726319498
8.04204968363
9.86279556545
13.1193963688
7.23997888795
12.8368089241
4.88255854411
11.9216409439
9.75663873551
11.3381330647
15.5859444684
13.7654692265
16.8938673446
13.1748876779
13.4080934221
8.4707407666
6.52771989393
10.1545310337
9.14588655237
9.00835256129
12.8420826935
9.12402650838
10.6758760847
10.6703736186
10.6992570778
9.62620156383
13.2877609436
10.6184634382
9.1308773735
7.98893724526
11.7024372621
5.4481247477
12.0717635991
9.07856191632
8.32361959209
9.3890799875
4.53206709682
16.8893630548
7.55444106023
8.88323991243
10.7691272068
14.7111709595
5.40039307641
7.85985983031
16.4121257434
9.26864380305
12.7932762036
6.1769064529
5.5780747946
10.383458216
12.4467448301
13.941641127
12.1110461682
13.2388201745
12.0460355952
14.3616338943
10.7870591555
8.12912284253
12.9574678012
12.1626152586
15.5686487546
12.6981726254
15.0342713534
5.95472581042
6.40717035456
9.15827298007
9.58091680898
7.58188409293
6.45492810868
14.5588325565
10.0447825141
11.2411961794
13.0483243958
12.6225384606
10.7322106387
7.27357666533
17.1745553672
11.9272603304
14.3662832702
10.5851243619
7.25153527214
9.87931462179
9.09252188309
9.45403061452
18.3595105031
9.12930875794
9.79970186571
11.4281882281
7.94436749931
13.8680191456
12.956963842
9.73196423172
8.84992754381
15.3652359968
10.7778577175
9.55851471538
9.1686356207
7.97203537825
6.94631028837
18.1951574001
9.72549009696
6.00447737831
13.7598415455
9.16374321494
10.2209716402
14.5365884855
11.0968173994
20.9454481813
15.8460927104
9.22463102145
9.12630836891
6.4984828389
16.1879389553
11.8422492623
9.96380150227
12.1586110145
6.66471782845
12.9883889174
12.4139205637
17.4610215803
5.83594391473
13.209046249
12.2338568175
5.77475737255
15.3248113113
7.56755267645
7.78967403143
11.8215782826
4.53092480489
11.3184153955
8.88562294035
9.06344995714
13.2831242444
15.7698354673
7.16484567962
14.2032134282
14.4589734116
19.1217677928
10.180500329
13.6120902803
7.39837559322
13.3495806839
10.955764828
11.5353203953
10.769437468
9.16127133669
5.93860932443
14.3424111503
9.92797171924
8.62865773408
14.6053355212
12.2734793105
14.0210273383
9.25201570009
9.62003625358
12.8972533318
10.2324851897
10.618962893
7.37430950122
7.11932186747
9.66074858349
10.7545883763
10.0683799963
6.54844802431
13.192348614
8.30737123305
10.4991971331
10.8501156614
14.3854627873
11.2516176207
3.64669276871
10.9961916026
11.0570411465
8.72008301336
19.3074951775
10.5033354808
8.03397858476
12.7084153864
3.80469852783
8.91317932584
11.1062474544
9.74152804335
16.8843451529
15.1162860486
7.91791722727
14.466064629
11.7448524444
11.0156891603
11.9479516068
7.953190812
6.74448194589
14.4678511365
11.9374463655
10.8556564481
8.88780066677
6.57936224075
10.7921448597
10.3364420924
3.62440164731
8.3808683946
11.7307719014
13.5213913116
21.2149588129
13.583079684
10.4638879524
9.62544629574
9.65389417314
12.0940396449
9.19497536232
11.452448975
18.7396920135
12.5250603529
9.67466247399
13.1282483078
10.5649614371
12.4660086458
12.2775895301
6.9886471442
16.1510423734
9.40896782228
8.59224242202
6.86919995913
8.83492567118
10.7614954458
8.26179615233
13.4898836594
6.26120143062
8.68398079557
6.49716750275
8.05559324147
14.0748927929
10.3972722267
20.3041897504
11.8492822912
7.40502003908
15.2056570276
8.45835945074
21.3593838562
13.27937235
12.4280024887
7.1291178105
11.8853001937
3.71968607626
13.3736134922
5.20373904122
12.6165496859
16.1054571896
10.8067691666
6.68049184845
13.7288349104
15.0366846692
9.45433988449
7.82396067945
9.53580630326
12.5974359797
10.9606454004
8.79444380675
12.2267938297
5.45580247033
12.3372096481
12.5844338664
10.3706386043
20.0734154913
8.26961820866
10.1560147025
18.4935168156
12.9059958146
12.4207905171
9.49306520945
4.53548933899
5.92645064673
10.3550495113
11.0931139044
9.41138620782
13.2080355823
7.24264151108
7.7369417842
7.44296817123
8.98217118288
12.9454987459
14.5976830395
14.0886042036
13.1554094401
7.63459611174
4.85100364589
12.922134061
14.043040009
11.0433683571
17.2036393113
10.3741539051
12.0927373647
8.75687787112
13.9800902922
14.4277739206
9.65104367034
8.01317677963
10.1219742045
7.26881930949
6.47526865127
7.92531189502
10.3667471031
7.6330196107
12.5249468258
7.55477246881
9.42546129066
9.92962290759
9.90868542767
12.294894394
17.8654545061
13.2786542064
10.3858385384
12.2633818879
11.9967664936
8.74257267294
12.5614656178
13.2252913759
14.7091925603
8.3070932023
12.3583177466
11.7100713136
10.2417197276
17.265059092
12.7445351394
7.60064617229
5.92343458971
4.35525861868
5.24937886632
9.38412887974
14.5021631856
7.77712276836
8.79187605813
8.63197052415
18.5058959192
8.7217294633
8.56631044339
13.763511741
13.500921607
11.4402480138
16.7545278392
10.2932102914
10.3677718978
5.90132678254
10.4813249176
10.3767897051
6.82113600626
11.8115172949
9.73009748313
6.69177429562
6.05337498963
9.54506467498
5.43710764331
8.21054980043
10.164069069
7.72147597652
9.64534578779
13.7048518792
7.59616871267
9.79698516488
9.86780631556
5.34046561583
9.22084388482
5.33644622836
12.7614176341
11.3680952988
7.8272563995
8.08070878159
5.35238414056
6.08247194059
8.03636107589
6.72901533433
14.5411204168
15.177349194
8.45619344354
17.9423829005
5.85373428189
8.78402664416
8.1656937054
11.4112717598
11.3084593322
10.9674487592
14.3610733237
10.2318100673
12.0902744517
6.77085888559
7.46885456666
9.01361524966
12.0822522567
7.73129306221
15.2383990836
10.9645873756
10.1453147354
8.55258536125
8.54957736581
9.93056891528
7.48107878333
10.7121944516
6.68531950399
8.84168850263
11.6343009433
9.78690717447
6.11301650609
13.9148397104
7.40629728063
6.92808950795
8.16333578578
11.7840303714
10.4527038887
15.089613697
15.5150930321
9.19959035432
9.94435392032
13.2364654594
12.3511900548
18.4276763573
7.83164452974
13.2689154915
13.7251740165
6.87411338441
10.7693992903
8.16796658984
5.51685520718
6.63188414812
11.1362699109
21.2275387059
12.1341032221
15.4312456735
8.85496458232
18.6201958546
14.1047820669
8.92392112847
13.5913898627
9.77825800816
8.78668729475
11.4247148249
8.71636133805
9.78712504734
13.8240885335
10.3592087316
5.92277846223
15.199860517
6.61111387529
11.1180894158
8.06412524829
17.2011871259
10.2010965975
5.6800550335
6.64817613003
11.0582892443
8.85312919717
13.3256372405
6.94732070607
10.2464996717
12.0467026785
15.7350729963
6.25250212979
8.03039254208
6.83474550546
4.80755983484
8.86211515632
8.76372943558
11.2770874391
7.42441310585
7.17467428876
7.66376854949
12.2435918203
14.6346723901
11.3368107047
7.61593390391
12.5346604009
14.1807321041
11.4548696128
10.019098812
10.8578875114
8.66317645532
7.24549193869
7.38059845639
5.85260590799
14.0601667163
9.90669797517
8.78431469106
10.8795525209
13.9005360599
18.6486742765
12.3167394837
13.7587443357
14.2060973871
8.83223429745
8.23818729982
7.86148911341
14.8859628564
5.25480228974
12.718347592
19.498678384
17.0032478892
10.3859641351
8.81414686726
13.7187402015
13.923237995
10.048707423
6.5184802879
7.63298022767
5.70683396517
14.5019669933
10.9788276369
7.4315605126
16.2666615919
19.0000861346
6.33049855633
12.1026707362
13.0872315668
8.00514735477
6.13256468438
4.08822407096
7.61286714892
7.45131907659
19.558799111
10.6923564663
7.45645770298
6.57389053922
10.9513473754
15.1689388207
10.8333374421
12.0532589428
