0.0928101928864
0.0928096448799
0.0928086407713
0.0928101602682
0.0928095169293
0.09280771174
0.0928106823514
0.0928093325803
0.0928092244819
0.0928086521315
0.092808771391
0.092808005928
0.0928098497048
0.0928090223983
0.092810600784
0.0928108350515
0.0928105989162
0.0928106356031
0.0928098659644
0.0928111410574
0.0928112035992
0.0928100565133
0.0928112546391
0.092809889736
0.0928098080572
0.0928101996664
0.0928101950469
0.092810643195
0.0928101843251
0.0928114625251
0.0928082898556
0.0928107448502
0.0928105669892
0.0928106803664
0.0928110690624
0.092809956287
0.0928112124593
0.0928094617302
0.0928081444477
0.0928095428426
0.0928111951928
0.0928099472544
0.0928106231891
0.0928112768544
0.0928108133515
0.0928094424581
0.0928105102396
0.0928097067665
0.092810045355
0.0928105464337
0.0928109869538
0.0928097279148
0.0928091398305
0.0928099240958
0.0928092925235
0.0928106803437
0.0928105069619
0.0928081902432
0.092809608023
0.0928103496106
0.0928099247653
0.0928108096926
0.0928106581108
0.0928107965453
0.0928110403703
0.0928082320842
0.0928095501282
0.0928100858944
0.0928092412626
0.0928101504222
0.0928094426158
0.0928103297859
0.0928110683948
0.0928100996938
0.0928092057489
0.0928097892878
0.0928099532157
0.0928090864553
0.0928105342498
0.0928103113566
0.0928118704996
0.0928092583407
0.092808966746
0.0928104802161
0.0928090061492
0.0928096286578
0.0928103926111
0.092809275249
0.0928102646632
0.0928091978267
0.0928097142718
0.0928111843482
0.0928101299229
0.0928106337697
0.0928092836973
0.0928098628593
0.0928103262149
0.0928093083247
0.0928106902224
0.0928106444962
0.0928101088309
0.0928090645833
0.0928097892631
0.0928099173858
0.092809079394
0.092811391869
0.0928111206755
0.0928101175738
0.0928090094015
0.0928080373008
0.0928090406121
0.0928092392509
0.0928095622607
0.0928102300982
0.0928101174187
0.0928102777537
0.0928106948353
0.0928094646477
0.0928085974714
0.09280787426
0.0928091651537
0.092809875076
0.0928088913839
0.0928101311051
0.0928109147382
0.0928108016127
0.0928090882196
0.0928103665442
0.0928099278599
0.092810264568
0.0928108704084
0.0928087471939
0.0928091675458
0.0928085684847
0.0928102654053
0.0928101337155
0.0928095698501
0.0928108947421
0.092808451356
0.0928110305798
0.0928099850105
0.0928100677523
0.0928098712092
0.0928096252761
0.092809514111
0.0928104325549
0.0928089968396
0.0928105105359
0.0928088768563
0.0928106660236
0.09280981385
0.0928097903342
0.0928106614475
0.0928107481776
0.0928099436932
0.0928107380258
0.0928099572589
0.0928107489107
0.0928102890841
0.0928090416919
0.0928109341311
0.0928098926758
0.0928105536861
0.0928099615817
0.0928094932402
0.0928096027519
0.0928102057076
0.0928094305552
0.0928110601463
0.0928096775835
0.0928110214528
0.0928115707785
0.0928105261715
0.0928100608489
0.0928090341186
0.0928111957342
0.092810888322
0.0928105941271
0.092809359239
0.0928099682806
0.0928104491223
0.0928103074096
0.0928092463027
0.0928093667428
0.0928112326064
0.0928089720261
0.0928106003565
0.0928102128509
0.0928095818046
0.0928084883395
0.0928098974983
0.0928105363427
0.0928113943705
0.0928098026268
0.0928106879065
0.0928103804335
0.0928101247689
0.09280980847
0.0928094022771
0.0928091044547
0.0928107615666
0.0928102536718
0.0928099083557
0.0928107693408
0.0928102347795
0.0928098771212
0.0928092410431
0.0928104700142
0.0928091841176
0.0928113146802
0.0928103615514
0.0928084469849
0.0928093321657
0.0928102611729
0.0928095987336
0.0928108024393
0.0928104928418
0.0928101929415
0.0928091785156
0.0928098727747
0.0928100155949
0.0928089557611
0.09280936269
0.0928099187754
0.0928107629595
0.0928109236953
0.0928100902856
0.0928089009953
0.092809444836
0.0928107866169
0.0928101281407
0.0928108529054
0.0928115406699
0.0928097929831
0.0928100136534
0.0928085607687
0.0928098847737
0.092810902324
0.092809593034
0.0928094315649
0.0928092600664
0.0928097143771
0.0928090065066
0.0928090487836
0.0928097967974
0.09280890989
0.0928102981299
0.0928105745913
0.0928091797076
0.0928103347659
0.0928114469949
0.0928102079536
0.0928090204377
0.0928106370923
0.0928093919324
0.0928098018154
0.0928102137003
0.092810562238
0.0928100284851
0.0928102748056
0.0928101980404
0.0928101906492
0.0928112413433
0.0928115540352
0.0928111686332
0.0928098565067
0.0928115311511
0.0928085736793
0.0928082705352
0.0928090313394
0.0928091810305
0.092809278579
0.0928098506603
0.0928102334768
0.0928121300694
0.0928092842705
0.0928099963046
0.092809974916
0.0928102795151
0.0928097410269
0.0928077131632
0.0928110795726
0.0928099002333
0.0928108586087
0.0928087878502
0.0928114484364
0.0928096572531
0.0928089768752
0.0928096531058
0.0928104016126
0.092810128981
0.0928083749922
0.0928102209459
0.0928090060902
0.09280988366
0.092810517112
0.0928095516877
0.0928110983816
0.0928106488287
0.0928103658691
0.0928091736997
0.0928096015117
0.092810926189
0.0928087129377
0.0928088700515
0.0928099486675
0.0928115533445
0.0928096403568
0.0928103367234
0.0928105923601
0.0928102601957
0.0928106571968
0.0928084446679
0.0928099689287
0.0928101214791
0.09281056946
0.092808520632
0.0928093298127
0.0928092039408
0.0928096912023
0.0928095462556
0.0928094524131
0.0928102371315
0.0928100004219
0.0928092018387
0.0928101108093
0.0928101845464
0.0928104598368
0.0928101757036
0.0928088260101
0.0928094482252
0.092808075297
0.0928109077032
0.0928092536481
0.0928095389543
0.0928106272444
0.0928097409142
0.0928101375286
0.0928107732716
0.0928094452466
0.0928114876978
0.0928103830737
0.0928102893614
0.0928101088525
0.0928104407966
0.0928106886903
0.0928100204875
0.0928094259148
0.0928088083587
0.0928093264805
0.0928100669525
0.0928105459712
0.0928096111545
0.0928093840575
0.0928096843712
0.0928119737033
0.092810580756
0.0928094731564
0.092808482762
0.0928098135954
0.0928096612543
0.0928103480984
0.0928091615272
0.0928098227775
0.0928111267744
0.0928089970359
0.0928104506065
0.09281091505
0.0928082088861
0.0928107844407
0.0928120362509
0.0928102843471
0.0928098756663
0.0928109747287
0.0928104681063
0.092808946021
0.0928112755825
0.0928101398601
0.0928103083516
0.0928089683811
0.0928094913006
0.0928106233394
0.0928104107842
0.0928103454659
0.0928098016193
0.0928087962284
0.0928095538589
0.0928110077325
0.0928090902927
0.0928098939079
0.0928122966034
0.092810926067
0.0928091354917
0.0928091287977
0.0928098091555
0.09281022197
0.0928115930631
0.0928104321404
0.0928117400561
0.0928107986076
0.0928096742735
0.0928100713067
0.0928102818781
0.0928097084121
0.0928089519871
0.0928092025795
0.0928099513635
0.0928096508293
0.0928101381648
0.0928086947142
0.0928113219028
0.092809363511
0.0928097428151
0.09280929227
0.0928098421167
0.0928087015672
0.0928103377619
0.0928090452686
0.0928094785634
0.0928097574191
0.0928112914646
0.0928098945666
0.0928100992708
0.0928107879307
0.0928109717025
0.0928106026803
0.0928101622395
0.0928097914894
0.0928094971823
0.0928107917652
0.0928089887967
0.0928103922566
0.0928104599056
0.092809690468
0.0928091935206
0.0928088774659
0.0928113048322
0.0928102759534
0.092809046872
0.0928109099227
0.0928090175809
0.0928089399838
0.0928099871147
0.0928104447448
0.0928114886228
0.0928099766487
0.0928104321487
0.0928096559596
0.0928119754512
0.092809807435
0.0928105773841
0.0928093782091
0.0928105182151
0.0928104118209
0.0928106039048
0.0928113291812
0.0928111769197
0.092810460142
0.0928104836541
0.0928093321631
0.0928102666503
0.0928102816394
0.0928100628378
0.0928096760616
0.0928097314409
0.0928099938975
0.0928101822217
0.092810343033
0.0928112944835
0.0928102159673
0.0928112197347
0.0928102539999
0.0928110563485
0.0928095530946
0.0928098076334
0.0928082855774
0.092809829307
0.0928111478088
0.0928110044726
0.0928091777172
0.092809884282
0.0928103015133
0.0928106152959
0.092810351579
0.0928090026386
0.0928103211413
0.0928092651181
0.092810332605
0.0928097726064
0.0928101525263
0.0928099141488
0.0928097734358
0.0928109136529
0.0928105782243
0.0928089897327
0.0928090795478
0.0928084622954
0.0928095386793
0.092810189542
0.0928102336307
0.0928098908249
0.0928101973139
0.0928098099311
0.0928094249053
0.0928088046144
0.0928089381901
0.092809852035
0.0928103781772
0.0928108208161
0.0928095888023
0.0928111202726
0.0928097891558
0.0928097287573
0.0928100509621
0.0928104066694
0.092810074309
0.0928089403241
0.0928099633716
0.0928109897557
0.0928094773241
0.0928096849123
0.0928096802188
0.0928111714087
0.0928098857827
0.092808240849
0.092811086249
0.0928108302983
0.0928090799269
0.0928104119929
0.0928093406102
0.0928106971525
0.0928109475287
0.0928091478923
0.0928113624623
0.0928101926014
0.0928104185788
0.0928101331759
0.0928093318741
0.0928104168513
0.0928106312662
0.0928104936095
0.0928088687495
0.0928109849003
0.0928102042774
0.0928105109484
0.0928093267148
0.0928096393773
0.0928106922316
0.092809343692
0.0928103319421
0.092809912535
0.0928094031879
0.0928107456969
0.0928094169262
0.0928106765072
0.0928096282118
0.0928106600759
0.0928101509299
0.0928108235268
0.0928097640975
0.0928089668136
0.0928094235986
0.0928101511834
0.0928095916507
0.0928107944871
0.0928110634737
0.0928078600068
0.0928084403619
0.0928093533661
0.0928104206939
0.0928089804217
0.0928107122577
0.0928108961674
0.092809850336
0.0928115676277
0.0928103852815
0.0928103185938
0.0928106083073
0.0928101112441
0.0928105617016
0.0928095288296
0.0928090343144
0.0928102959235
0.0928100481346
0.0928099284411
0.092810186385
0.0928089565251
0.0928098181624
0.0928092033431
0.0928105353052
0.0928114824428
0.0928107971367
0.0928095028319
0.0928082178138
0.0928096393054
0.0928086154726
0.092811000096
0.0928120206339
0.0928090919621
0.092810756051
0.0928106549559
0.0928092227612
0.0928104250717
0.0928113882046
0.0928102171562
0.0928092563822
0.0928099485993
0.0928111544629
0.0928091952316
0.0928096772014
0.0928100601463
0.092810127906
0.0928081912567
0.0928095655007
0.0928098886591
0.0928099518211
0.0928115695483
0.092809343158
0.0928099820867
0.0928108277264
0.092808964419
0.0928097042853
0.0928100331158
0.0928094351024
0.0928094291594
0.0928102961903
0.0928089760962
0.0928106797201
0.0928093130107
0.0928100268582
0.0928094070967
0.0928102791108
0.0928084310187
0.0928104856451
0.0928093373533
0.0928098814724
0.0928088733749
0.0928121266867
0.092811149049
0.0928104441474
0.0928095190094
0.0928109749877
0.0928099580874
0.0928102020578
0.0928106450185
0.0928096724975
0.0928102669128
0.0928100261463
0.0928116928181
0.092810519654
0.0928095694085
0.0928104274632
0.0928090484161
0.0928095062988
0.0928104968178
0.0928100112076
0.0928107043754
0.0928113057738
0.0928106750052
0.0928111941558
0.0928105957175
0.092808973053
0.0928107527309
0.0928109272125
0.0928094811491
0.0928096063368
0.0928107516921
0.0928106292919
0.0928107060316
0.0928104715569
0.0928096107353
0.0928089535743
0.0928098377646
0.092809945769
0.0928102855984
0.0928097536777
0.092811709667
0.0928095982833
0.0928107002343
0.0928110818925
0.0928106643089
0.0928088937589
0.0928092857439
0.092810007343
0.0928094755794
0.0928100689251
0.0928103757781
0.0928106766784
0.0928090201871
0.0928094879607
0.0928097965558
0.0928102967832
0.0928089967384
0.0928107130703
0.0928106108899
0.0928104729017
0.0928084065374
0.0928087786616
0.0928096528849
0.0928109095262
0.0928085576323
0.0928093369907
0.0928093195184
0.0928104164189
0.0928106134005
0.0928099990997
0.0928103735914
0.0928097420227
0.0928106675917
0.092807909703
0.0928101406831
0.0928091613651
0.0928111208387
0.0928085163609
0.0928107603391
0.0928112492438
0.0928111560956
0.0928105362949
0.0928096376705
0.0928096084045
0.0928104605185
0.0928090171945
0.0928104596234
0.0928082456082
0.0928099828344
0.0928093449432
0.0928096318136
0.0928097776007
0.0928092695737
0.0928096956323
0.0928104884956
0.0928087305222
0.0928098935381
0.0928095123358
0.0928102863956
0.0928089081187
0.0928105746185
0.0928089071607
0.0928097097648
0.0928086765338
0.0928095516443
0.0928108118793
0.092809497183
0.0928112647733
0.0928095281503
0.0928103880819
0.0928096475889
0.0928100997505
0.0928121238354
0.0928083665414
0.0928101512968
0.0928113351696
0.0928109491308
0.0928101035811
0.0928090022497
0.0928101105328
0.0928090726431
0.0928096395872
0.0928085071724
0.0928102811941
0.0928120295459
0.0928102773593
0.0928082598428
0.0928092625044
0.0928097769134
0.0928106479211
0.0928095261864
0.0928109398744
0.0928093601173
0.0928106591875
0.0928118759537
0.0928082312485
0.0928102572809
0.0928099055948
0.0928096176558
0.092809798812
0.0928105526547
0.0928098600127
0.0928103336454
0.0928100237128
0.0928104494416
0.0928103843712
0.0928096701773
0.0928096464957
0.0928096365132
0.0928100270792
0.0928106609407
0.0928102959021
0.0928100079908
0.0928090448492
0.0928107146149
0.0928110046417
0.0928094098967
0.0928097198609
0.0928082558467
0.0928087915053
0.0928110772467
0.092810711878
0.0928085704934
0.0928116378961
0.0928105603605
0.0928103100039
0.0928097121087
0.092809968499
0.09281140806
0.0928108345592
0.0928107022928
0.0928102755196
0.0928099690661
0.0928109676715
0.0928091717357
0.0928098026633
0.0928105565543
0.0928099564297
0.0928104643148
0.0928093786868
0.0928095609728
0.0928096248637
0.0928108197251
0.0928105334047
0.0928104121904
0.0928100393465
0.0928104190882
0.0928107775151
0.0928122161338
0.0928099465263
0.0928096747331
0.0928089779881
0.0928100447915
0.0928092249663
0.0928099391615
0.0928102186633
0.0928098561299
0.0928102386574
0.0928108679438
0.0928092512963
0.092808057491
0.092809424292
0.0928099951958
0.0928099569149
0.092811414235
0.0928104445497
0.0928096891542
0.0928093116713
0.0928098589534
0.0928089331533
0.0928104752217
0.0928108144987
0.0928090078214
0.0928094744059
0.0928093899013
0.0928102905062
0.0928099925722
0.09280937338
0.0928111157014
0.0928106992654
0.0928106553809
0.0928099264953
0.0928105607452
0.092810433284
0.0928115428898
0.0928080413374
0.0928094470983
0.0928101700422
0.0928099264034
0.0928094266398
0.0928098710962
0.0928109457221
0.0928106506048
0.0928106361516
0.0928101074503
0.0928099413446
0.0928097823707
0.0928086386376
0.0928100052149
0.0928093246179
0.0928107285359
0.0928096784699
0.0928106715599
0.0928100580665
0.0928117769646
0.0928093512076
0.0928103377861
0.0928100944131
0.0928096668215
0.0928094838635
0.0928106003554
0.0928105508907
0.0928082593853
0.0928096146979
0.0928099631129
0.0928098926546
0.0928108741179
0.0928101988028
0.0928092143927
0.0928095832287
0.0928081166977
0.0928096639002
0.0928090118702
0.0928102286791
0.0928094515669
0.0928112354073
0.0928081730111
0.0928092683882
0.0928103393015
0.0928103774993
0.0928097857759
0.0928110326639
0.092809004982
0.0928116473381
0.0928091540007
0.0928094515782
0.0928094686564
0.0928089867874
0.0928096075873
0.0928103880623
0.0928098667506
0.0928103768102
0.0928088085968
0.0928098381609
0.0928109009786
0.0928102511083
0.0928099797678
0.0928109698553
0.0928101243039
0.092811365537
0.0928083900036
0.0928102047335
0.0928115252072
0.092809822727
0.0928099911661
0.09281024826
0.0928097349655
0.0928095676221
0.0928108561308
0.0928095194713
0.0928095546682
0.0928101090262
0.0928105279043
0.0928107408005
0.0928085006259
0.0928094834195
0.092810383123
0.0928103377173
0.092808719501
0.0928102501528
0.092810193413
0.092810250308
0.0928100411292
0.0928099153715
0.0928098552071
0.0928092369867
0.0928104336648
0.0928107411083
0.092809601486
0.092809290932
0.0928102901137
0.0928116900016
0.0928107123611
0.0928098397814
0.0928098421928
0.092810837122
0.0928113039167
0.0928106890177
0.0928109555304
0.0928098159862
0.0928080181997
0.0928088319375
0.0928091035916
0.0928091739917
0.0928078745309
0.0928108364372
0.0928105923269
0.0928098351865
0.0928082041494
0.0928099644419
0.0928104414163
0.0928094047507
0.0928105824941
0.092810616575
0.0928094773833
0.0928093035936
0.0928110681348
0.0928081793436
0.0928097602954
0.0928103190253
0.0928098331149
0.0928102408449
0.092808674752
0.0928096983644
0.0928099305776
0.0928097742039
0.0928103265789
0.0928081771741
0.0928108829733
0.0928102060826
0.0928108501127
0.0928083288877
0.0928101943995
0.0928110583037
