0.714049532017
0.744885561753
0.971608406405
0.697396028022
0.827878635272
0.86993464677
0.869336725
0.907998917507
0.88032095435
1.02203127064
0.952758781537
0.900226474196
1.11306356119
1.08095990704
0.954722559559
1.0055355945
1.09643873928
1.00770353002
1.08209997246
0.868789498679
1.07428389738
0.691908595181
1.18147415396
0.836964210161
0.96383371913
1.15996976455
0.655474474425
0.954388803216
0.873668147959
0.737497055147
1.04291257567
1.02000991196
0.607426930902
0.777712523072
0.730290875365
0.937527193425
0.6963105974
1.27952751065
0.817394284762
0.811021490537
0.7908053479
0.706517022362
1.05214529242
0.959244460907
0.913885002276
0.737415117202
0.696050855941
0.977278129213
0.974936063772
0.805434853958
0.618916901061
1.17857035535
0.68395323103
1.14491126592
0.957373258138
0.81787251024
0.666783029385
0.983055483352
0.925765269728
0.940503570545
0.930915102713
0.675187610988
0.878419178283
0.868750363849
0.603881042903
0.877697400604
1.04012616278
0.934656915471
0.950968875965
0.729247827922
0.7565582607
0.996072345849
1.09440488618
0.610237626219
0.666078065395
0.661247435417
0.856461659337
0.816074809758
0.635830776828
1.13082634918
0.922109051388
1.06668030572
1.07159367681
0.872243678628
0.8568538081
1.07088058917
1.14135844938
0.884254325161
0.567108885976
0.794820490914
0.950421158374
0.84613691136
0.637769621914
1.09540798128
0.979088073217
0.777634400438
0.994976144549
0.788537635666
0.910521867124
0.970640662941
0.715820520006
0.699001624015
0.654192981274
0.73107426078
0.758714306411
0.933864622041
1.01025914262
0.830933294536
1.09685489104
0.743597135125
1.18297294294
0.78728175049
1.14050081662
0.729433717902
0.970587645161
0.813467273062
0.613728892179
0.971183574926
0.845507637237
0.980747088326
1.09012157707
0.822700090185
0.991549578305
0.893050109448
1.01459596296
0.681214686055
0.889415723031
0.785471354608
0.809073125968
0.951307191909
0.659505245799
0.95600527519
0.804276299352
0.992655245526
0.660115808798
0.904507379366
0.939755904376
1.01282660953
0.734104243171
0.605741838614
1.15059731416
0.875191003521
1.06926543771
0.790059486236
0.740488029048
0.84103395318
0.748874799225
0.982850899244
0.649694133796
0.886198203578
1.34752080353
0.637651990718
1.00457052213
1.02170873609
0.953279263641
1.21125239423
0.867430457313
1.02764879502
0.793451602187
1.10027401457
0.768862599712
0.765476035854
0.927256421658
1.40953793881
1.25585275157
0.900323145595
0.96129657714
0.64862039648
0.840096612436
0.540581631813
1.08274578084
1.02634695308
0.909147571891
0.932290022563
0.915399973946
0.651881816768
0.643844515133
1.09617951369
1.25017332876
0.741303131916
0.732647098179
0.816861027359
0.613102748875
0.815442569346
0.998593126529
1.01599349959
0.885427491795
0.796732036564
1.04707178743
0.906686393283
1.08724992416
0.764970360958
0.828817914449
0.633579827836
0.990153836841
0.773719996128
1.01631875096
0.877388507419
1.29912005328
1.1060800109
1.09597586581
0.950768205494
0.958906054078
0.708444846324
1.01869725362
1.38787957723
0.790637287233
0.858996523913
1.18184773225
0.92603312004
1.1828900091
1.11929616192
0.962691218457
0.778147075585
0.837145882988
1.03473043667
0.72651566127
0.837569040831
1.03791306943
0.629148820935
1.09777927977
0.686026630299
1.25625310593
1.05782179124
0.917278091683
1.04463810389
1.07099082227
0.954490168244
1.00919858849
0.730180843254
0.748914927715
0.693901089397
0.996704040728
1.04738895064
0.755887373986
0.670276027547
1.13046114702
0.88790345498
1.05978542603
0.503644583331
0.784716266626
1.03832818772
0.985486654798
0.70086962979
0.88834384304
1.04417416393
0.752098762012
0.919762241699
0.807980132848
0.828827119512
1.12272065638
0.853529149745
0.81145044886
0.85672129461
0.96394290207
0.776603459247
0.924644411018
1.45491601172
0.749562940083
0.838443265333
0.886620009081
0.958815503767
0.637163404885
0.536288068595
0.811414898516
0.908019797867
1.03189302953
1.0458930419
0.900884765383
0.799518702576
1.06243083704
0.981703049939
0.895778639841
0.92271831823
0.847303562637
0.7919671623
0.961889136358
0.646659219825
0.864524760788
0.890794113723
0.806169958988
1.005134724
1.07758432855
0.940744319495
1.2645482176
0.575706796043
0.880072725868
0.627133947555
1.02029413122
0.831794817912
0.776109885942
0.762476387623
0.61179392586
0.919623224922
1.06116381081
1.29292853479
0.823052717866
1.13737262373
1.09082547292
1.66760860117
0.780281591698
0.606532331396
0.84515739255
0.934289068515
0.917925122762
0.844667511497
0.963018389093
0.963313181269
0.669894428493
0.758872420027
0.986954202756
0.660618101026
0.990269697702
1.32320647259
0.81171171011
1.13737875304
0.828796544721
1.30677375851
1.06888564086
1.04766733191
0.871774498201
0.985494697251
0.841364003123
0.729154084815
1.14467690193
0.676195616033
1.08129536555
0.909484956192
0.765925393523
0.832494707658
0.89419484347
0.885270667757
0.827153155484
0.805917594357
0.717207804815
0.71123558369
1.03674667725
0.83935110901
0.891514569414
0.940698555194
0.79774669526
0.900931926408
0.918571540195
0.978757488725
0.899212495349
0.972789956282
0.71355351605
0.788968610177
0.933199062745
0.881062138368
0.985674783695
0.85396806272
0.906086755782
1.01138081486
1.26068482231
0.65929131365
0.675950660786
0.540505293648
0.674948852757
0.69068369059
0.956614324635
0.791619275258
0.685902756323
0.725315654372
0.732635937459
0.911570469507
0.819703567298
0.909059913923
0.819303223844
1.14215042687
0.913167134876
1.12062798538
0.968483605368
1.0443529591
0.763246978761
0.677801522873
0.747709479002
0.740754358194
0.860728893244
0.90212892266
0.711407246415
0.64701762229
0.73585742978
0.822190645401
0.894488170162
0.762665706692
0.916441789179
0.636703546721
0.663851554044
0.864046665593
1.1659947484
0.890370432804
1.20714632268
0.967051151298
0.840176904375
1.59281064901
0.854417961442
0.801034859946
0.891419055611
0.897898105395
0.956936839891
1.26138985168
0.963567586338
0.974229791749
0.712564003006
0.719013739757
0.818343421816
0.852451063627
1.19859773492
0.880742036952
0.885967284499
0.918901235211
0.754163107898
1.01453978073
0.748710568182
1.15860529594
0.845421930549
0.884146675487
1.13495575131
1.11911712381
0.999905365782
1.15812535753
0.596095815452
0.903646926971
0.771096643664
0.949775330301
1.1732981049
0.978699751045
0.712787296204
0.642074426057
0.74466605948
0.960501559214
1.0717267484
0.711828479
0.687819397689
0.718833967231
0.750726590678
0.955689334251
1.04287584145
0.924313060917
0.800975182268
0.898631544933
0.672427412669
0.908455805092
0.7214291592
0.793868200484
0.915866785365
1.08260191738
0.920412346019
0.789477242166
0.726906842045
1.16789115921
1.08037500773
0.881111472623
1.03855348655
0.68770529362
1.21908419452
1.06734190743
0.7403988097
0.695747689756
1.08065077234
1.03123532378
0.792497407396
0.687085499653
0.850804079857
0.75360873564
0.957086017485
1.24373111826
1.14018751588
0.629765028087
1.43033514155
1.22017144174
0.837776901325
0.767616501801
1.41945240221
0.92406502695
0.718144809864
1.00867068488
0.772159876615
0.70795300659
0.796925095279
1.03942279525
0.876804477053
0.689108513548
0.826622758731
1.01866997791
0.708425437585
0.917245061372
1.13009317695
0.792761626142
0.82996128633
0.69497402662
1.00423645752
0.7572591166
0.798634462315
0.71022392174
1.0283904042
0.830411646109
0.996682395458
0.924528160947
0.927812765966
0.794453496886
0.970861103205
0.873067026188
1.00454312051
0.900896383102
0.774918452577
0.826799845766
1.01994005879
0.816780592772
0.654032089789
0.603853745037
0.833119228035
0.834557817663
0.915168405097
0.919516248635
0.955902608896
0.771687347041
0.957622813639
0.798455536685
1.23557038116
0.699035828817
0.822724327376
0.829676867136
0.62458326329
0.905010702456
0.984325730705
0.894466104928
1.16493460321
1.03979720027
0.826814958723
0.688374476351
1.07827374469
0.648729012512
0.881597382175
0.937800519068
0.882866762125
0.659909307532
1.03978644323
1.09386734826
0.714096683375
0.775169943349
1.3613286772
0.834464269072
0.682729614028
0.910493141719
1.02203735575
0.621896951335
0.817778053366
0.979903061016
0.845623569455
0.868219337103
1.10055226565
0.654829465117
0.847661097444
0.927186224844
0.803423137942
1.00070220897
0.838447485568
0.81868315616
0.913896797291
0.791765655353
0.802905745801
0.975664367908
0.945179728175
0.939995231836
0.955776165309
0.849523231339
0.739601902461
0.955927018676
0.833858267552
0.694119847934
1.30936154796
0.919519819138
0.659419589307
0.848727209226
0.787912690046
0.949948330316
0.751552364732
0.815219607169
0.755810323432
0.857541146989
0.679820445151
0.914035597102
0.62659704899
1.14690338243
0.960905986239
1.10445319038
0.682802531008
1.12845489621
0.809607464108
1.11022005604
0.9967545443
1.02919853382
1.03930195539
0.759455699978
0.68147966093
0.772042126522
0.939292412655
1.05345035798
0.957315644773
1.19644633623
0.849581064692
1.11213504377
0.965878908346
0.825811645271
0.768454184976
0.526323307846
0.894202559316
0.849991426761
0.711463336164
0.85814225206
0.990328790112
0.861125445258
0.759265744337
0.906734078455
1.09027727402
1.2893534135
0.944143021007
0.785597089502
0.794799135786
0.804741554945
1.36834250304
0.914042115759
0.77136340236
0.815546742533
0.963380984501
0.843518535282
0.675838842763
0.739400002638
0.738365164993
1.21326511911
0.791691982471
0.798289496872
0.838637361791
0.53551838271
0.80751408159
0.710063341967
0.799800683266
0.839659909765
0.814176615507
0.79509427342
0.820115708299
1.08437275875
1.00021016751
0.999945242264
0.900126259107
0.908075524867
0.624629363966
0.930498242627
1.03803746805
0.810824821205
0.814995438691
0.783165144262
0.806019689327
0.965622914662
1.1020501418
0.736525777293
1.03535547603
0.967789176139
0.781045477659
0.961567456432
0.802541841764
0.86524619319
1.24922658
1.0912936348
0.719272395378
0.85761192905
0.828487172961
0.803380022748
0.638781113006
0.814740159916
0.801260417156
0.801807317477
1.145006318
0.8349104808
0.771963553603
0.845771958246
0.861444533496
1.30212680571
0.528736737743
1.15408336669
0.785965734492
0.602987015409
0.789354699332
1.28351780508
0.847725090801
0.811204492118
0.822044599814
0.902263824183
0.847418635792
0.91973093899
0.654555583936
0.937596132742
0.923019180372
0.670482670072
0.939121742996
0.735163187193
1.08402304965
0.877080529141
0.661800623949
0.484188752724
0.792205928135
0.843679767349
0.744848433553
1.10134040393
0.726058698428
0.925131954989
0.956978770858
0.918008111848
1.12293486044
1.08360054837
0.686861957081
0.783548984613
0.854722831371
0.962133548062
1.08058598563
1.1427035305
0.879912952792
0.670235382196
0.836329191088
1.18644613911
0.92337035993
0.74323699451
0.615609693741
0.80086745647
0.666317712689
0.628829296279
0.631492135772
0.817640336077
1.03341658877
0.806026208196
0.860784694132
0.798628796416
0.938768095852
0.594277329718
0.942779963416
1.16120849623
0.842882729346
0.557642939291
0.818666953377
0.699746444115
0.806462673415
0.861793317681
1.01722567623
0.639021720465
1.21682585961
0.911302915813
0.62303140372
1.31234677736
0.904600465787
1.1121206727
1.10796850242
1.23524694873
0.844673918546
0.745286390848
0.818686452428
0.733293627999
0.811703039446
1.20710971611
0.79257252904
1.17901127598
0.853627716884
0.964558715208
0.874974772762
0.826051781679
1.081436253
0.768222893354
1.01226844154
0.800664139886
1.0567678636
0.854235469381
1.14526747927
0.854727800117
0.85533228887
1.06375137798
1.2010970225
0.739161025408
0.810891000161
0.871939737743
0.90334090593
0.91068913108
0.59135480086
0.845253001526
0.642472875065
0.648136711764
0.924833832672
1.33600211178
0.99205385341
0.762897962745
0.878576746972
0.727915944349
0.64934767208
0.815554585243
0.67994703203
0.97101428028
1.01263618292
1.00591843693
0.79316209613
1.0568858263
0.797966735327
0.987422832859
0.787349965859
0.908427338697
1.24362666464
1.0116420061
0.930231769377
0.902866982556
1.12926709509
1.20628678075
0.651518136522
0.674603222898
0.775472575116
0.892465987226
0.645092740366
1.29404466372
0.742260484668
0.831675742143
0.831158441878
1.2260827155
0.863585911975
0.979424616469
0.689758893197
0.799102277605
0.616674046115
0.739829054496
1.05911168862
1.03171512662
0.688640293041
0.883589614943
1.229740299
0.852703153979
0.993301513016
1.12298255889
0.86010178652
0.868394541495
1.0086934984
0.750906532439
1.14028075097
0.675070816437
0.721470782328
0.829086300126
0.893324970468
1.02631447728
0.953739650871
1.10975953158
0.994261883121
0.854212309549
0.995891403849
0.918528682289
0.960420164928
0.724122469078
0.590601869858
1.39833532078
1.20977455299
0.889191407023
0.928621831541
0.549145870778
1.04915081809
1.07585100188
1.11451583887
0.997512964715
0.805058113319
1.05657410256
0.515129895181
0.656673633897
1.10028446088
0.581729240186
0.747380262681
0.656911839594
0.783005696735
0.987194960499
1.17479126087
1.14401498845
0.803257087424
0.698863503913
0.972170710856
0.751540438327
0.811361601021
1.07900005605
0.865839427751
0.787970212455
1.22160246296
0.685489120692
0.738399123092
0.661528442435
0.899628194427
0.832585776129
0.565529727559
0.666738415689
0.707976712722
1.02464801241
0.937352976847
0.841613644071
0.835626728817
1.05651836627
0.662640040969
0.868392004169
0.904403722455
1.19611470285
0.686503347691
0.938332062555
0.984393431551
0.622846559425
0.92690173322
0.567967295513
0.715465084414
0.947564226776
0.800857823221
0.730042789574
0.922578392024
0.812459079983
0.771708361668
0.93967043522
1.02758630754
0.794932493704
0.902008894644
1.22106322994
0.649204511236
1.24905595617
0.717541430298
0.562501090866
1.00016587014
1.22093968724
0.694465777654
0.879877216887
0.973493834596
1.08553923021
0.921204136676
0.805548441282
0.908719212308
1.03972238922
0.651032255416
1.11798476739
0.626173169076
1.19905962779
0.949814580729
0.914968823145
1.01655138079
0.599012884011
0.925885518684
1.19544138185
1.17821757201
0.886999546952
0.53685496038
1.06522356351
0.847912572667
0.826015713783
0.816707918878
0.980134525006
0.702909197467
0.888931508113
1.07114786958
0.850386016779
0.714823981869
0.826469383073
0.881001699141
1.1640467151
0.76737342341
0.913660814117
0.863582787719
0.828116928525
0.79227887438
0.688560637104
1.24287222002
1.00446055915
1.08995380736
0.789981981547
0.755333778749
0.849203278975
1.14578326223
0.78680334011
0.727977581879
1.03331776642
0.989909912018
1.02370136165
0.875506530353
1.05107484604
0.78263253987
0.951374593378
0.812324099257
0.968376734045
1.14998297826
0.751399251738
0.801246991744
0.707538301843
0.905247831295
0.910934696571
0.791726489198
1.01645514631
0.778654961645
1.01993867651
1.09370872449
0.749146496355
0.855135755426
0.734192602579
1.07204638668
1.05088877223
1.17465216598
0.955899346628
