121.582685047
119.835769391
120.856360142
121.921543857
121.970861604
119.479449297
119.607310972
120.590428637
120.377107569
121.444998938
119.855556565
119.958554921
119.999983936
121.087691497
119.888565395
118.683236325
120.35951033
121.336592071
119.010921666
123.093874298
120.93614684
122.677781598
123.307290987
119.980424126
120.544444253
119.477606243
121.517031595
120.439385193
120.830458181
122.511834563
123.08500294
121.774245705
121.248275518
121.653618759
121.971900833
121.597039732
123.058127402
122.155059342
119.048819055
119.85867639
120.852515321
121.061122636
121.201244574
121.343431311
120.981074833
121.493338438
120.723652138
119.522028363
122.059813767
123.386476336
120.523792208
118.612762936
121.572098222
122.074736655
122.897341763
120.938915524
121.18754018
120.527166811
120.867427747
122.271483679
120.152923401
123.041342833
120.788049136
121.457077665
119.685845882
121.513633247
120.646018348
122.22261896
121.269763825
122.337353001
121.042940067
121.354963302
122.304565726
120.717981629
119.680234799
121.686475239
119.967100813
120.444597153
119.49503233
121.313192194
121.452383239
122.642961833
122.695109846
122.124227048
120.417381101
122.247457313
121.008280825
121.355659884
121.920498889
120.53089681
120.49980028
119.827204091
119.804115083
122.608471376
121.658376616
123.034542325
120.717232915
122.285545093
121.423125011
120.893399205
121.38801497
120.478304843
121.873279845
120.172012685
121.412550937
119.667251623
118.626353502
121.292091868
123.537379964
119.727334664
121.830140881
123.501591138
119.892338764
121.840610259
119.586334025
119.460133675
122.871637895
119.306336535
121.869449068
122.57296318
119.180730883
121.670491756
120.234875629
123.134114813
121.905110359
120.529110468
123.27055853
120.485425191
121.799964426
120.470876494
119.651624123
123.049341582
119.458028163
123.351153477
121.405984887
120.058011053
124.037443674
117.258368993
119.660806145
121.501664425
119.848803977
117.748051105
121.104736503
122.018267761
120.249276807
123.859307836
120.949515088
123.939797563
120.667571054
119.98000886
121.867780471
120.161428241
122.747162185
122.892742368
120.598317026
121.796100682
123.040499605
119.943319293
119.127347867
121.389872074
120.406369463
121.127335175
123.162712117
119.902414946
120.305253
123.325912629
121.170074005
123.104931679
121.830062324
120.86661646
121.696067895
120.268843293
121.436522719
120.721178774
121.811631958
122.495092214
119.218372849
122.902220211
121.602839224
119.696667932
122.941455611
122.261397612
120.325662612
119.549061696
120.639709817
120.975829243
120.717143107
118.549299932
120.408299123
122.857656536
123.560816418
121.941212501
121.760570211
120.068562109
121.190812243
123.030504729
121.222702219
120.138124295
122.957725408
121.364341033
119.426559648
121.647771308
121.892256736
119.748019553
121.136684944
120.678481493
123.516549012
118.85295017
122.341032572
118.489376852
122.652984372
121.266162098
119.3451159
121.489082601
122.460737238
123.350337097
120.702379508
122.186540482
121.365749293
120.837204983
121.244655419
120.203667078
121.880586549
120.685495131
118.952018806
121.852742812
120.060323109
122.130449512
120.953240608
120.400423342
121.875393939
120.002064207
123.123572709
121.928335758
118.364539773
121.812659897
122.569552175
119.115413255
119.64858008
118.688379576
118.870400952
119.48727035
120.11016134
121.402315295
121.56047832
120.273439042
121.640563607
121.191439305
121.613365591
121.755290856
121.666906452
120.156983866
118.884044813
123.326820673
121.715017049
119.005753543
119.085195019
119.594358521
120.875220871
120.667150295
119.722386086
122.015408867
121.59049311
120.022193673
119.88916696
122.290798901
124.619868667
119.962080114
121.205835617
120.453986447
121.803739233
120.805362435
123.059188905
120.926767316
123.034602959
118.260816671
121.608817986
121.271763706
121.44569421
121.487108861
121.289558286
122.06888863
122.70667787
120.3785561
119.037331558
119.667614835
123.053125437
120.468038944
121.527262673
121.16405904
119.777621918
120.357374082
119.992079676
121.590814063
121.060799513
120.768121981
121.691675219
119.834917158
122.05145605
117.225496734
119.848337159
120.811236953
120.408981683
122.476066746
120.341944127
120.729673031
121.166632338
120.13424622
122.652403588
121.075255165
120.933867029
117.328163427
123.406390499
119.551341797
121.154021338
119.590541581
121.185542287
118.712675521
120.828539204
123.184306667
121.151353013
121.810099017
121.636498074
119.52702482
121.029389395
120.06242008
120.705572141
120.900465532
118.543270818
122.963794779
122.787643331
121.521706228
120.090621987
120.497896253
122.784161584
120.013799345
121.513575482
118.701949591
122.020160475
120.849392611
121.029321436
122.927867389
121.613606077
121.005954896
120.537123995
120.8377411
121.204404585
120.074070333
121.02180598
121.580220662
121.066615131
123.997755373
122.551386245
119.656575359
121.953177814
120.715696907
122.558866373
118.743417676
119.811688372
120.553992827
122.157765481
119.863055165
122.184805213
120.72235266
122.706599319
121.787806295
119.081256472
120.202365554
122.386850799
123.357739611
120.980678996
119.845622725
122.014033103
121.136745399
121.831076006
120.676659315
121.505933165
120.698050642
118.367571282
121.130379652
120.560180424
120.645984595
122.362994805
118.916381038
121.095538878
124.295409526
120.417903074
121.255569723
122.320843473
118.252817936
122.642555569
118.907736218
121.894394401
120.817285448
119.666430809
120.082533136
119.52488077
120.803975279
122.703102492
121.026018566
121.554364538
120.423665952
118.967951166
121.402011881
122.410856573
122.344846609
119.225988225
120.677031587
122.61979599
118.359928355
122.433504535
122.64980243
122.440925244
122.070914928
122.783624788
120.498343073
119.740084943
124.006082564
119.980128387
120.795139185
120.426537165
121.862167915
121.463155748
121.269018988
122.261589923
121.029263349
119.742298108
121.147035846
121.629942709
121.51991438
122.220988559
120.403281842
120.991380669
120.161134931
120.556896586
122.925263799
122.50947141
120.803311047
122.339754814
119.652704038
119.183249449
121.492440184
118.27652328
122.151499424
120.434111199
119.98827872
118.206633565
122.318276429
122.466492609
122.329258782
120.347026235
120.337236187
121.236561663
122.570468505
120.928634061
121.630314811
121.511106294
120.019624593
118.991733922
121.854399568
124.953538367
122.151218086
119.330782619
120.850125909
121.054069992
119.992012467
120.544864915
121.963108156
119.901160741
122.618865014
121.94636899
121.307989121
120.696169791
121.462850726
121.03679827
122.21598048
120.312358206
119.998908924
119.846312699
119.781221898
120.59056714
120.180066872
121.713781157
119.166760214
121.286196604
121.950045302
120.64960465
120.215682361
120.507911376
119.553033053
121.356979781
120.042925575
120.139294279
121.377092647
120.008200483
121.148967005
120.389670781
123.686601456
121.732512328
119.605933041
121.949047943
122.292473363
123.445908046
122.164724671
121.140732251
122.396719454
121.072714305
120.403392121
121.192348514
121.284435145
122.213252094
119.07792914
121.497752448
121.721888588
120.56347137
121.330097179
120.96160276
121.703407436
120.2622901
123.047255663
121.260393185
118.457794145
120.703588243
119.634675728
121.572727545
123.447468264
120.932926836
122.278561132
121.875072808
121.008395097
122.39116007
121.104464091
120.790774024
121.92610004
121.457259633
120.08749437
121.948863296
117.792322247
121.458559043
121.44872815
122.55507319
122.095994466
121.062404324
121.911756354
120.84115772
121.284122509
121.403320875
121.14445752
120.825213588
121.916522047
122.688938186
123.376215064
121.487493664
119.786564075
121.208037284
121.143231955
122.761064692
122.950215071
121.967503515
121.214866456
119.450795101
118.808745054
120.230970286
122.636405205
122.136789407
121.104750386
120.329898737
121.256420157
120.718648963
121.838331149
118.078290531
122.077210973
121.865135539
121.741475498
119.714881836
121.162255168
121.288889044
123.327647704
122.193525291
119.703327498
122.629123447
120.961499073
121.625070601
122.376546906
120.599699886
122.236027236
119.145424161
119.932152549
121.895902096
120.862846601
120.64788955
122.48209665
122.452394932
120.038582849
123.166346886
119.455512696
121.519076231
121.211943013
118.882702737
120.752929463
121.462496525
119.288177717
120.548181534
122.037196344
122.154443638
121.772001953
120.174186286
119.68427325
121.554030117
120.671847417
120.595403903
121.476608149
123.414659509
118.983442784
120.516691956
120.399910744
119.799540519
120.022517908
119.010283961
122.138963402
122.626839244
123.0983292
120.314774275
120.50384473
121.050666631
121.357600674
121.642091475
120.241175493
120.50664888
122.663341808
119.949012878
120.04113663
123.745707554
119.587361686
120.984403892
122.220537778
121.066954421
120.104935417
119.62558455
119.189958469
119.075557882
121.926960599
119.76779595
123.730611769
120.78932884
120.807501641
120.938294327
121.953664055
118.779361903
120.923603232
120.23770893
118.697499554
121.564344019
123.749477972
121.756363364
120.829292353
121.728328855
121.155094506
120.372191162
118.929754265
119.538649371
119.942006786
121.713139303
119.691122611
121.036809362
120.45367376
120.32100682
121.026111883
121.374727133
123.385084243
122.617908261
119.59985337
120.345083872
121.595439919
121.251756258
119.160391228
120.343021995
120.49429879
120.545941872
120.917289901
121.289491439
120.186840868
121.853728689
121.882419504
121.143769736
121.401126249
119.752737268
121.350337247
123.76107068
121.270269963
121.128496
121.369729023
121.686134346
120.835136904
120.018120926
118.378476092
118.818776728
121.407674807
121.65661129
119.634532741
121.015345792
121.553722367
118.423114472
120.911228577
120.340259113
120.983332798
120.130833865
120.926186472
122.084620527
122.109148498
122.713822183
121.563101532
123.66889328
122.756201536
119.941995242
122.717897702
121.499788728
121.120656848
120.724329994
119.218747479
122.723474607
120.374477737
120.162325374
118.617760447
120.473419043
120.223724141
118.831651777
120.944823675
120.93738616
120.322198858
122.245544768
120.47080371
122.456201749
122.203772694
120.216220575
119.80572721
124.892189018
121.089620263
122.687089119
120.698500798
120.210129559
118.960972404
121.390758509
119.457751925
120.033805572
118.530457196
119.888800653
118.56551638
120.470602915
120.880734501
118.67582029
122.31899062
121.648344571
121.703082467
121.888634284
121.136074542
119.906679809
119.629207322
120.821164783
120.952151363
120.986056023
120.345827562
120.524140129
118.655453742
121.806673994
121.258764631
120.729511715
122.640557046
122.82544676
120.548409519
123.246745843
121.736871147
122.04282633
120.133812567
119.95289917
122.153095327
120.969917402
122.100266581
120.119305474
121.814792039
121.780385743
122.761985554
123.68218235
120.992611384
120.509535628
120.444868676
121.006560214
121.545692332
120.218637012
121.712341201
121.000973861
121.517792515
119.154482645
120.961668148
121.085319105
120.74491512
120.72799033
119.911162607
121.404313743
120.738411349
119.706477803
121.253376967
119.357435023
119.474007396
121.723386477
120.580994674
123.153276037
120.701144946
120.069492465
120.284074616
121.421088129
122.752070498
121.112317857
118.733077608
122.022177819
121.092733244
121.40898516
121.70588612
120.514183421
120.263086303
121.937358746
123.344852064
120.367533496
120.462903222
122.488857412
121.339626477
123.690718268
118.77705652
122.051361483
123.026265423
121.494681835
119.643217011
120.679127559
120.141782897
120.776167177
119.561404696
119.941038195
119.300638873
120.772190226
122.343201066
119.674438503
122.512157309
121.644805214
121.874908999
120.100724376
121.528273282
123.432752584
119.563848905
122.241024071
120.013240946
121.300766992
120.958896512
123.416212334
122.727423361
118.927137322
119.830228275
119.788591466
122.332456525
120.975405383
121.504607213
120.814707072
120.695877013
121.538815055
123.115861867
120.296516139
119.535515416
120.828002239
122.191719052
121.542791663
121.601134503
121.199606192
118.896515867
121.400298388
122.091520427
121.302589173
121.270517211
119.578854827
123.921174489
121.928494891
122.015097824
121.099933299
121.323016847
120.104474418
119.841117252
119.90030312
119.26854887
120.220024855
120.786471549
121.634481537
119.626166691
120.792211983
121.418415595
121.192542573
121.80108965
122.751380759
121.412121523
120.512409992
117.726535253
119.779327225
121.857591542
120.535502644
120.285852052
120.890343103
121.790617022
120.775964295
121.070136155
121.619881577
121.893952446
121.182655609
121.097096956
121.198891103
121.668361498
123.486088346
121.71639752
120.546727676
120.032074403
120.438453849
123.75023845
121.122732943
121.296098382
122.395913169
118.251764584
119.969755517
122.8747343
122.329264635
120.622982772
119.671690578
121.983274421
119.536850174
122.221230415
123.238609435
121.069869006
120.470965912
123.340362522
118.927346965
123.013025522
120.963983755
123.467326998
121.019898493
121.341498837
120.238970324
119.723834932
118.680060738
122.080442011
120.128198819
122.390089901
120.465726684
120.969387101
119.605601632
121.53225719
119.90249636
123.297391899
119.435974392
120.708516924
119.647744417
120.677473437
121.240433949
122.439380742
119.213942522
121.556070447
120.725097711
119.77982443
121.290839572
121.267025373
120.934132216
120.976299995
121.545307766
120.386438974
120.467312867
119.097397316
120.385621796
120.489873485
120.574368994
120.497748116
122.726299545
120.714103102
122.123933655
122.118630065
121.641094225
120.883962527
122.14555911
121.264192547
120.793796892
121.613274489
122.026472822
123.458776872
121.574022046
122.015518956
121.963956276
120.336698326
121.50989408
123.226457172
119.707422628
119.142679088
121.151476495
118.930575175
122.31220435
120.10576525
120.24185411
120.941902965
