49.8829303604
26.1018108182
49.3726761913
41.7957489422
46.3631229034
29.1972671009
50.140905997
31.5938501646
44.557764172
29.3515923652
52.3353964098
50.0723990546
38.1882254571
24.903280081
20.0971731358
39.403221742
45.5445127432
44.0206583361
26.9624935399
80.4295440139
66.019448627
20.3212299849
49.7875152828
46.6894555052
39.759723689
38.5655765181
41.2827016181
42.5070744741
42.1841237775
47.3551278817
18.4448807585
28.546998042
36.7086918686
66.8518638373
47.0272635893
32.6424385228
40.3495291852
34.0439563923
40.199116664
41.5895766453
33.0498200491
59.1922980897
57.0194802354
25.1340377754
22.7357399745
33.7295532067
48.8436203165
41.0664547411
20.901697791
39.0122553884
28.7091637636
57.9832057339
22.8456122288
55.4053576348
52.0382827061
34.826532905
33.4042003659
57.9164522403
42.5079475793
30.6618906506
29.381800927
58.9162804042
30.3220359191
45.5060939091
29.4424130327
31.2522363128
48.67938473
38.3457341573
33.3813791095
45.0062105245
34.5047568199
28.6905751449
25.890210616
35.383611346
35.5498303383
22.4542023562
38.9809505187
28.945275584
16.7660196406
26.7766107907
35.2498676754
20.4746581253
38.805585188
40.7277163278
36.6577705058
35.3549850663
42.3614488335
41.7150737431
54.700300479
54.5625833421
30.45884188
32.7885646963
49.6904600471
35.2516149591
29.0081066112
68.2626597731
71.0825136154
67.8655232575
39.9693085001
48.1549664107
50.3453493763
33.8233289559
43.161762782
54.5537708642
40.0628089224
48.7177306681
39.5909538725
46.3945586921
41.983833571
43.7651427153
26.9032178318
27.9165417233
28.6939844005
40.5768518967
31.5449194076
34.833261795
52.4944791691
40.304392556
61.2064141718
37.174270572
22.5413804329
52.5540713005
53.0585318344
41.3323591571
25.9285949233
34.0562828846
31.5080552474
41.6721111125
46.5237761696
40.230319111
54.6457961898
70.7698464899
54.1644701185
37.8344803331
55.237107525
78.3607237952
25.9966394209
38.398938263
39.4615056808
35.693609873
35.5316330698
38.2055530148
37.3105793839
52.3893341536
47.7292095153
34.1514913582
41.793196373
47.4468257774
41.3099947514
41.2638396388
35.2584324222
55.6884456442
49.6435138606
25.3437452856
36.7120274154
37.4001020615
40.9291184284
65.4499720999
69.7703958178
29.3170556283
64.4085731509
30.9325819506
29.9589225944
35.5354060336
38.3357876953
38.4107033834
52.6013737449
42.6874129268
33.1518480422
38.0561595706
27.6071825196
40.0806119323
32.850542055
32.5881276193
66.2109738594
34.8838973142
39.7646036844
40.6478838628
39.3097157681
30.8227282974
25.6966949758
63.5440473136
32.1347152036
67.3417654216
42.5424162863
38.7954531138
34.2527281822
56.8867893057
31.1821053786
44.9344453756
40.3257392509
28.9619882695
35.7312842263
45.1248824716
35.0297826613
49.862486306
36.7668667052
57.9242228063
45.0187941971
41.7984828532
36.196749716
27.4797707943
48.8968467632
51.1657298993
45.4819892391
54.0402078396
49.0984616077
50.0842897717
40.4296727118
29.8395030137
42.3528632716
35.1632977821
33.5935219798
62.0376798538
53.1517665105
33.2535802822
36.3485652924
41.6657205062
68.0364857454
44.0053555529
32.8909164011
39.0099936508
42.2423441017
30.0256485176
22.2423771848
44.6724428677
51.1130216359
50.8865276207
50.5651747758
28.5927113254
55.7463448819
46.0804691862
32.8007046904
26.2306513611
29.6420235402
53.5754452387
35.024945253
44.5449317145
29.309300153
33.8528235632
42.6214848525
38.6704791211
61.0715257389
56.5980472917
32.6096763206
57.461263271
38.5859933323
32.1548796773
44.6652930882
49.3926577196
26.2919324231
72.044069709
39.2975590745
29.9325603814
38.348116206
60.2876032426
58.9091548301
42.6175515847
33.0571447135
51.5772452176
57.4583667369
26.6231169754
59.5942385813
40.6512162538
52.7640544254
49.2064299121
50.161370622
33.6234846431
44.8439420474
46.7886929259
32.8454745663
27.2378259866
54.236796716
27.856319224
47.0304124864
41.8510652942
35.9237050279
47.9810612215
26.1097440184
35.5753157607
50.2379609768
63.3000770555
43.6414097965
39.1904071519
39.1146856752
45.5507238435
39.4595560112
39.6506909655
28.6407319965
66.4005138274
39.0818523359
39.6909914312
32.8665270386
42.4119529959
40.7848976532
39.7539759922
46.9357034116
34.9316012688
67.8446049475
48.1932285686
36.8401822973
33.4429335169
49.4825331269
33.4662258893
24.5956172241
46.8287198747
62.2938534657
57.9476945684
34.8154625487
28.4782231492
34.2185208489
31.2357313035
32.0802372432
55.1342187542
34.6574091588
41.9074696518
60.3710943058
34.7465560451
45.037248665
37.8400978809
48.4336782556
63.7469510174
27.1353276863
47.7825879103
47.7287961253
25.8014507152
30.1633112002
51.685483405
50.6017845192
28.5422113115
43.9842653247
48.595411635
31.3921926176
40.8840297956
39.1869922323
33.9827618322
38.8179385326
30.8097510958
38.6706321805
15.2140732953
27.3101157669
30.9350536452
38.3369567546
48.4850250412
51.8100330044
36.566706029
57.6453791288
33.351492899
43.1829784752
32.1598534584
37.2614352641
52.0010410857
56.8686289038
50.6149665866
40.9733911117
48.473722481
64.8618779556
28.7274279527
24.1372252997
45.8667890371
32.1765934585
41.6094492256
41.3436645572
24.68140069
48.8419241716
39.0283172119
38.4144871511
59.0536159747
26.5735479975
43.9597686093
35.6435554759
38.1403426944
35.989668415
35.8013913573
38.4906926465
37.6156991274
39.9633035551
29.1458647434
55.2633553127
51.2651445484
55.1456660187
51.5572172994
38.5154486726
43.9846911921
23.9981524666
41.5116010442
21.7258404456
59.7971247307
47.2319731339
27.7933047197
38.1204395583
38.0337342213
54.2008694123
46.5877901666
39.2157136094
40.7751872881
34.7218771275
44.99460328
44.5831128086
47.1922581552
55.1225913227
32.2775550079
38.2370526562
35.3973313423
29.9684451083
67.5551841616
34.2844093616
48.9219305467
31.4389386072
56.7594750802
39.3587974832
56.2416843818
44.546079261
39.7161734197
41.5905756902
48.9746147282
23.4213116759
22.1871698969
50.3354080561
32.1761485037
43.5201958088
28.0974641606
32.4439241112
54.7512624425
28.9635812926
29.41434528
45.3451655417
94.4017206453
34.2012424275
43.0956519045
55.1681527083
60.2806748707
40.0158582272
28.4330359967
34.2804262712
21.5753819183
49.4257438739
35.037523608
52.9898754581
45.7260466685
22.180012338
37.2817923395
38.2819847172
39.2227618167
44.0127864093
40.0679501677
38.6087958258
37.3172891231
45.1094152096
32.7243201439
44.3944470819
24.226148981
33.1549971231
39.9235814611
54.7962596224
47.1845075072
28.2334759637
28.8875189765
37.1464888479
52.3857399173
43.7416235068
33.8176076366
41.5329278923
39.62366714
35.0147959517
35.4692312297
40.5526814959
57.8190114612
40.4575251976
47.3447727625
46.9872093734
51.1527291223
44.9408409529
29.0929933495
63.4172532775
28.3283776042
40.2522122736
55.7791407529
55.1877922345
55.2270451911
27.5887983423
44.6160927789
27.821651335
37.9944938338
36.0647564255
51.9016159843
43.2284630335
57.9552426309
34.9089627398
41.6084980777
29.8645028556
30.1875403191
44.565696833
45.9038369795
50.1237174092
42.5441805452
27.3087555732
43.4185126703
49.6862938389
42.1833288379
31.5309694386
31.9563776494
33.9212020205
55.2997288061
33.0665622594
26.043125489
22.8360988904
55.6045574911
33.3793258807
43.0964136763
34.4411392141
59.6433355016
33.5437034828
39.1099406793
30.583643493
47.0891393963
53.0832212751
24.9744712331
46.3048655921
65.5619563437
58.9260934595
37.7104328116
52.930553581
33.9560517521
32.534295011
43.387799933
40.1612874925
41.0951071001
34.1072488292
35.8144527975
20.3924095657
51.3311039826
48.5044802452
54.1348405115
37.8415955744
42.4082334353
42.7109563786
64.7691250687
43.9617435325
28.3569381849
48.0232646282
47.0074960308
33.8646068756
36.2904032354
47.711903249
52.8955113227
62.4515371585
51.0251387506
40.0874381701
31.1281609361
30.6527252094
37.2225166523
38.1627328415
79.0462557476
35.660454162
35.1132551264
50.8475082621
58.8029391576
40.2681439238
41.5918522501
51.1335596258
35.5350352189
38.5935368066
42.1774869749
42.0287871321
40.5350598924
43.5967887587
61.9120754408
33.7942980573
54.7675218226
32.2823152079
27.0941858224
35.6552301749
28.0545212583
38.7013978612
38.0225220996
45.5151585621
30.1600900302
45.096191463
38.6241402016
44.0550221072
33.1778783825
46.9592512944
38.0253740691
36.9523115929
34.9204383973
41.7000429551
37.9725759534
47.4127705995
23.5756270694
33.2978439336
45.2148285044
39.0862311559
45.005906676
41.3135012105
38.1791254892
48.970228949
47.2235815748
42.273173266
42.4824838452
57.3808757447
22.9087375111
40.3359039031
48.3716466844
21.7424595561
48.5152929122
40.0413999178
28.7969138257
47.3763995894
47.9737154981
53.4096542331
30.9638296353
32.1798751639
31.5281887046
37.5339482728
36.170725631
24.5584412026
24.5325924516
36.0085631718
37.5793235651
36.797708171
43.218178592
57.932934078
39.486336615
43.6782406271
36.8436643954
33.8943609726
39.615367811
32.581600713
51.0836502393
50.4855759692
51.6040506948
46.8693952902
40.1641887065
41.5635842696
24.5046396004
31.1475773052
34.2136028838
35.8438926179
49.8213224187
38.110175644
48.4918542754
42.1729555997
34.6488955291
31.4942909694
35.4458970772
50.1791631717
23.6140424139
28.5093097392
49.6462878768
53.4299033017
55.6204282503
41.013444942
43.1006439071
39.3651732495
45.2220054922
45.8678575945
55.9080270085
54.670629211
43.5643889644
45.3229329517
44.9467944842
23.1248677512
52.1226081715
50.3322335179
29.9264442782
28.4285252702
41.5100928033
47.3549858367
37.5852730453
29.6710867174
44.9370073773
34.6305067949
58.1257878008
40.1991691627
64.8204404732
32.2436671317
60.2055810269
36.3096075327
63.1664475484
38.5544861153
31.3799078059
32.0195679676
46.0892768113
54.5171466226
56.3077872328
36.7225825006
44.5202622005
29.3675663911
50.0353405948
64.3006958388
46.3280746421
38.0554779658
47.6359521008
44.2359182269
23.2703687435
66.0761958387
36.7531986701
37.5784026049
51.919883238
37.3891172799
30.8852131974
47.1522570026
36.7470618581
51.8970336893
33.0677407291
34.4778824448
26.9071144504
43.8568860314
29.8446378394
37.7876156775
50.6449601403
26.7383954055
21.337629023
42.0667192587
27.8800329577
45.4968904169
27.2327038458
44.6598724222
47.1143805047
38.8658995687
40.7917941503
28.6484704016
39.2340134406
42.4177914815
47.4323759645
63.4882271754
39.5891902466
51.2720627897
42.3099791091
32.660621321
49.3284685698
20.5771360554
36.5924087235
25.7036541107
48.924860113
36.2002669656
43.406683849
50.4023474999
37.6501523336
23.6784833641
42.4285509113
53.8770691645
51.8593877687
42.8258642292
38.9106957678
27.9198581419
30.6270650179
48.5119028771
41.1774539448
49.6076973535
41.9228889736
29.5657053128
33.8596933669
61.9191340634
33.1442734719
60.7815982918
41.7341922265
34.1875148285
38.6645804839
36.6399655037
33.1732650313
44.6754828969
33.1912971157
22.9616594276
30.5250490341
39.4333970715
29.3047602529
32.7179682361
28.6928520908
41.7321426373
53.6496641478
32.5680750952
32.4283076906
42.4515135282
46.3348407052
62.3898885746
57.8992687947
35.5935851038
32.5371277387
36.0621906707
32.3253810755
42.6809469981
54.0836479005
35.2805543488
30.7050860473
55.5732467936
33.30226766
46.9407648279
45.0644723593
48.5029636445
46.0062627235
35.3756867841
35.2334058537
40.3695229796
28.5391462516
30.9855394953
44.3541379415
34.653156856
31.2960899579
38.2231510016
32.1980566543
44.4151572714
42.0544464278
56.6273964729
42.1340300412
35.2136435177
37.1710782817
42.9410806038
36.5329614207
44.5829848489
54.286725152
36.9734052377
31.2532801461
24.2321673905
39.3671114736
43.109258448
50.9615081382
32.9155305585
35.1031917282
45.0784275847
41.1590838292
36.0002043067
44.223986973
57.9847774155
30.4501899106
36.3437719766
34.9698979551
39.5357556534
43.4563145771
53.8276642145
21.6493244018
28.5754024506
35.451030194
36.2772184632
30.4397324352
32.4743039987
49.2218138195
50.5492793661
55.3812136135
62.3332907755
48.0344337133
46.9685982258
41.1794443925
39.8887633031
30.9333202811
28.6229658136
35.9469845929
38.8473120268
35.2404975659
24.3073539728
46.1333670076
48.4740153207
33.6812047591
27.6874290873
35.4186539447
29.5413149224
22.2507910821
38.8043326723
43.658186566
32.5419438842
63.0252896381
54.0837186483
63.4489535465
37.9100519284
43.5731863857
32.0539882832
55.7379308857
31.7392327823
33.0102240091
44.7605400466
59.5261818275
20.1729004771
21.1333503438
56.5939697041
33.9162348971
47.2724263674
27.4487902714
37.3127922852
33.3652326341
41.7015701407
31.549328974
44.9938074275
44.2620351175
65.0660654245
63.3118391203
27.987045186
46.1476055192
46.1987599563
34.1379629444
41.6496680482
41.7415945805
41.6767449497
27.3630641365
26.4136783965
27.4141773276
38.911513077
40.612546623
64.9781288867
26.1427431338
48.0945930869
43.1030388432
23.8922717804
42.6867374259
49.1550773652
54.3087580715
33.4243232205
50.7884225456
49.6484840836
46.2669036441
47.3473172637
64.6344505035
32.9742782439
43.9515933288
37.321710932
37.4326552883
47.9287384777
51.2495074113
50.2560069968
41.2102124568
41.6774935528
36.4667228717
35.2261674624
39.0985304464
33.2124789362
23.3000364528
29.08488396
44.3838281675
37.638158577
43.6085564766
59.8295147062
36.1727565259
48.47704405
48.4978601089
74.8742716585
50.1640393768
44.3338872183
27.6567262313
31.2629496323
39.7839252239
52.2068135125
73.7492405708
42.6679437499
42.9659490803
41.4739462114
43.8093480147
36.5175712856
51.6687891354
73.1927825206
53.9476101295
44.9219302946
29.2135125764
28.9256869279
58.6349791699
45.9566353346
30.6296796016
46.173364993
46.5343432943
52.5217727954
31.0292596269
33.0172189869
28.1566109266
33.1185583616
44.5641050001
47.3706783822
36.213180393
52.2472513081
56.8842970287
34.9553565653
28.9517184293
55.8850332533
29.5209701891
38.9196161468
64.5737534706
32.8950500223
34.7387964853
62.8400924531
33.1860972049
39.3810896439
61.2586730572
37.4556432765
31.0483712232
46.8163941571
40.2875549986
31.5238799613
40.0082409585
40.0405601749
48.0002993506
34.2436307665
50.91770843
42.4123158907
45.8442375146
18.1054188642
62.6041617773
42.1876676304
63.3334338809
76.2730685465
86.4399940767
53.5554158863
48.9281949573
