129.287365537
123.322706589
125.443126693
128.339270255
127.190785839
126.925192025
124.604013894
127.055599683
124.924840518
126.999592319
121.603050619
125.626218771
118.46696564
123.810968106
126.926136371
125.851546579
126.643619137
126.997799962
126.153464815
128.558787703
124.570377251
124.303922601
125.148263213
123.67155391
125.602710801
123.667655304
122.348241411
123.172530708
126.22074359
123.852722764
127.97745476
128.160456256
122.708127984
127.074941927
121.470808929
126.729182933
128.905853389
124.810991265
126.835886186
126.040265589
127.163583691
125.317564605
121.48990914
125.655528217
123.808307927
128.632476399
125.383055988
128.616152748
127.420439664
126.179664165
122.273675343
126.442083376
122.391233057
125.782529038
126.756197963
121.726006701
124.935508479
126.960786088
126.537072381
124.923331677
127.543919658
122.979436776
123.296637435
125.431763985
122.912485778
124.930023925
127.729137096
126.301776448
121.27375531
125.544922992
124.689588648
123.313990111
124.725996847
126.288835992
123.697850857
123.710102
126.343823488
124.65793022
123.985966578
124.362526136
122.481799108
127.912154674
130.548399754
127.330645409
130.467124086
125.046045734
128.039327945
128.365164641
126.05612724
127.316648426
125.261200514
126.261367289
125.389171259
125.997702639
123.613185676
128.394718149
122.11922866
124.648933854
126.372795849
122.685410252
121.426186432
127.138469329
121.733288027
127.088354689
121.677018971
125.914209433
124.910721134
128.114796
127.001088514
126.25699005
128.18593239
125.276390241
127.473808226
124.007236
127.41681964
124.945812634
122.574805191
129.271794861
124.890615214
130.28818942
126.562970165
126.183282068
129.266006118
126.406428961
123.228783165
123.622452198
121.295030031
123.737881784
125.114686976
128.689329697
127.205477658
127.711068583
124.77827942
124.610030008
125.924599621
127.16932175
128.562876637
123.465958548
126.394662764
127.73555276
126.448645036
120.734966035
125.887103014
125.357057289
128.307728238
123.831764011
126.949867093
126.92528133
127.297268418
121.946290343
126.414015341
128.305355261
123.527791746
125.148552506
125.52124148
129.379248022
124.123980012
124.249197099
126.612329067
128.068234673
124.223375003
127.730477416
125.848031266
122.182758456
120.710266959
126.936393871
123.941147708
123.940643473
127.586472702
126.244258286
123.590848095
130.08082
125.118293465
123.439363346
124.40099284
128.398182058
123.21414083
127.222255989
125.881024109
124.601605287
124.304190426
122.38208312
126.583878165
122.556250937
126.561553907
126.19528177
125.084093443
126.948173588
126.213653335
127.003756151
128.612971853
125.951742649
127.520137457
121.82355521
122.824747476
125.816560925
123.693883611
123.765670718
128.470141019
125.870810961
128.073649378
123.603346671
126.872060315
124.892041734
124.525388979
128.719083646
127.151428669
126.452712288
122.800275303
122.582360446
123.928409401
128.771280384
128.690679661
129.792191836
126.285445694
126.842241562
128.953554888
123.903159949
127.193274807
126.61317445
123.261824289
126.627330793
129.478111724
126.091009901
125.268146051
130.015120753
123.920492594
123.451423543
122.498627184
124.117319706
124.832170439
124.670407211
127.491821528
126.115552989
124.286768393
123.484551466
123.959114612
125.406885911
127.931559967
124.007238519
124.172143534
125.951637809
127.54257111
128.874691843
125.413984
121.476925427
125.792543251
124.445465669
127.499800578
121.958851406
126.415415807
125.690950743
125.200177245
124.445432834
122.121681541
124.233195125
127.923117093
125.571263491
128.182222508
127.90300489
125.187419561
124.739584178
127.444199792
128.586532827
123.167699868
128.689225816
121.569663585
125.084602723
126.112452224
124.814832949
124.509622518
125.608950918
124.378674877
127.318159999
124.281483485
127.044896925
124.424502538
124.487587865
126.961573509
124.899134281
122.647916677
127.890165609
123.988439962
125.541287735
123.693915802
126.155730396
127.941078249
127.140193305
127.352600813
127.806355925
126.423666021
126.168224646
127.701709386
124.175437224
125.292024906
125.217488394
128.101357475
126.467679218
126.360521141
126.609730559
121.87997385
124.441346014
127.314039268
121.868071448
127.771044165
121.743037974
129.030255656
123.349000556
126.022073916
127.636078618
128.565150317
123.077984194
126.330367265
125.956376105
131.643549582
125.569141012
126.59914767
124.745103181
123.177114382
125.191692777
123.570782252
125.659598049
124.217435246
126.484431585
125.968879248
128.418917165
124.644438647
129.29167847
129.696850682
127.950607815
126.381436787
127.120777087
124.865427228
121.78564035
129.850277494
126.785323
123.762391907
124.263491703
122.259080151
123.208331072
126.446186585
126.385407047
123.612572344
123.172533976
125.462710913
127.742647321
120.721026776
128.096812746
127.941808483
127.723550502
128.771177538
126.871625506
127.262979021
129.266164846
124.297027856
124.230158821
124.329888707
123.479307852
124.372672881
126.901566031
128.90477868
122.9465859
123.502082678
126.521050627
126.737601688
124.74820794
125.286445848
124.435476138
128.831503611
125.950296666
131.278357638
126.480505973
126.230529862
122.665221656
122.453809513
123.789146322
132.839186635
126.470902176
131.020277667
123.084665313
121.791304082
123.581191088
128.727238135
127.251435965
131.968156477
122.273423664
127.4251297
124.374844299
124.475659218
128.300965657
126.29041486
129.885093223
126.483857301
124.909755386
124.588084551
125.491613781
123.336692368
124.418886604
126.036920583
126.552490236
129.117642593
126.455941048
125.699976553
127.189735099
120.920871093
126.458351854
128.012277016
125.827000204
123.492508169
123.723054465
129.475466471
123.098774759
121.071381633
125.408988877
125.552059348
124.050872826
124.12428383
122.939591782
127.815896744
128.727007442
120.514728834
123.891939601
125.347790706
125.909514415
125.587406509
125.997767276
128.074374007
125.010302377
124.632131681
124.656517907
124.812277156
122.703098534
125.708421297
127.13952068
124.751701856
124.842111978
125.23576349
126.749197281
125.710398212
127.451990594
123.616279322
122.015747824
129.320780255
122.28816376
128.503233996
125.529415968
121.398679521
126.641515028
125.146359572
127.414033426
126.766031516
124.420424485
127.286004611
125.866513439
123.099482214
121.813506626
123.473625939
125.463705616
127.429193332
129.080957825
122.089763243
124.609986988
126.512531675
124.541833392
125.03214767
123.844082737
122.591949355
124.784197532
126.676363603
126.773369366
125.205880229
124.569362339
124.600218304
124.457888835
126.278596486
125.460523864
127.601174285
127.2767354
122.463271586
129.766996841
122.262652561
123.6874632
128.983997778
128.321133055
124.5564415
125.107960162
130.92539102
128.514883497
121.011541731
121.114140062
125.559275904
124.764003084
127.296829669
125.101488229
123.612152642
121.20648359
125.30502457
125.337191073
126.796771186
126.896430741
123.699122049
123.337164211
126.856254405
132.905371639
126.8645429
125.496701771
125.307429068
124.084699115
124.448107366
130.451746125
125.85418551
125.614207969
123.919046807
124.299840612
122.745501883
119.068912654
128.29865247
124.9331043
124.518530498
128.406672634
122.995942775
129.098041393
127.073582266
124.688465518
127.045665765
130.190994987
126.513633651
124.733779029
124.429669139
125.889680284
125.518526975
127.806812273
121.434589686
124.466137894
131.203167908
124.637684907
126.189406471
125.654244029
124.768646348
124.088968286
128.969147477
125.12181117
120.040874458
129.551432479
124.373823079
123.808722463
126.397871084
122.264096114
122.783733542
126.011903196
128.982945259
126.04533262
126.790573938
128.065763524
129.65183678
124.437020344
124.47624281
126.048685435
125.224731887
124.812373443
122.769867311
129.554776277
130.728163059
128.35778255
121.789034115
126.263622079
125.800543497
129.775381062
124.968560213
124.649472608
127.009025385
130.928927397
124.045690767
124.276170977
122.220695106
127.808220124
121.769912292
124.286233293
123.244923851
126.802970706
126.653023119
128.329905485
129.487621517
124.511928933
126.122520614
124.386063822
128.035578086
124.109577881
128.9167821
121.336526844
123.685921314
125.424727573
130.274189579
127.003679675
127.044506096
125.760856837
129.380531046
125.549141021
126.527710573
132.245056277
127.902098138
123.062438582
128.980186161
126.521506219
122.947186829
125.986601998
126.613588162
123.497654802
128.141730233
126.275958101
126.970842743
127.062052118
128.022609533
125.352853685
124.899003632
125.049760254
126.601817484
128.59996228
127.780540512
127.469564563
124.536844382
123.082703455
126.631803941
124.04699667
128.36064543
125.132206534
127.819924914
125.410781175
126.28739493
126.177187269
127.278731803
123.346871427
126.590981871
125.605870016
127.272420283
125.784309494
127.255037385
121.938816738
126.624782791
125.699848475
125.618065858
126.523608733
124.416753828
127.169027732
123.935223172
126.526400256
126.648240308
127.268247665
126.681893169
122.910138318
123.852356733
125.907011064
125.598756462
125.722412716
124.29436608
122.791351413
124.225394949
125.598544113
126.178499088
126.275244483
125.955626446
128.712545986
125.722690171
125.506020017
126.135897261
128.746284196
119.224876875
124.581065403
127.726826876
129.642375222
122.997225172
122.651598797
123.301247807
129.23526449
123.428591274
123.705963813
123.733574885
127.232748063
127.712578433
126.451968906
127.278604539
126.670208069
126.292007121
122.636016406
127.960758104
123.962274052
126.219338117
123.487894908
124.755643992
127.362023664
125.587198072
124.431459035
125.000962639
128.804230742
127.736036565
127.88839643
122.787369236
126.906072925
126.909056216
129.995318178
126.060288211
123.869758734
128.752536366
124.382515364
124.889413866
128.565744665
125.730552392
124.942908677
124.430425075
129.098561562
128.248284438
124.301979578
124.528662132
124.537597039
129.230141489
127.496298594
130.108579403
122.882421946
125.507780757
128.109270132
126.213774956
126.480824251
127.133304859
129.528817783
122.52221259
125.073650878
125.288818737
127.134308771
127.335223618
126.0124273
130.780742283
125.486450344
123.514331304
129.195843079
126.06664065
127.092676024
126.133714959
124.095427019
124.41799197
126.911138293
122.021023729
124.320947436
127.790727658
125.79936311
127.415802662
122.729897495
130.765994802
123.001946462
125.429698769
124.845285983
125.821470674
121.711920823
125.761033195
130.91055525
130.317481244
120.6894016
126.441258862
124.536079983
126.921824161
122.770876968
124.912517338
124.094735373
123.235628201
124.460769684
124.669365256
128.950703308
123.56286093
127.084183491
128.991940393
125.23666115
124.294121662
129.356917985
125.447688172
128.864661042
123.414894254
125.44082863
125.612545298
125.295037098
123.660422716
128.513423838
127.213107479
121.584631145
127.239240455
122.912283776
125.48902331
131.975308874
126.470523565
128.567538149
122.694992321
124.978982774
125.378974918
122.387250902
122.634620824
121.366781392
126.168193912
123.663080528
126.157389653
124.272967037
125.862815954
126.549328415
122.006437846
128.007944677
123.676245637
131.348352378
127.351875468
123.46469314
129.665505705
125.443574613
128.453210277
126.169503551
123.996544108
126.17780737
125.499155981
124.575001246
124.110592797
126.445839783
127.318294271
129.425670916
126.214524012
125.887725201
121.281560908
128.956961451
127.229676917
125.52718005
122.71205834
122.947794561
125.72254214
124.656071519
127.768023608
123.431574711
126.557218852
125.297064535
122.195590619
129.749049956
126.272027203
122.20874798
120.813630151
126.412845773
126.552799132
127.427079144
122.511258377
126.986849973
123.349847834
126.481913206
123.221229156
127.853220842
121.762477361
123.687667428
128.810538322
129.141411108
125.656946424
128.782981739
128.47701108
128.605300062
130.194487754
131.08784065
127.139409736
125.318184603
125.174295036
124.220536202
126.342663868
124.827830428
123.716558503
122.970317914
122.642804208
126.325309393
128.396605595
123.495477036
127.316275812
123.32782878
120.849049868
123.214661288
126.23963025
128.553954032
124.777958582
127.54444488
129.607968119
128.198781254
126.873345266
125.679689706
128.594270998
120.342057516
129.245854915
124.471316219
128.932728564
129.37490962
126.321899281
124.025257553
125.361635
123.239359282
126.114265082
128.063409
126.385653431
126.806896116
123.556673306
127.936798339
124.417088212
123.289194302
120.924487511
125.853533797
121.609688894
126.552000353
121.929639237
124.834954696
125.091294934
128.666230891
125.156758666
124.00871927
126.148190779
126.948523697
120.591173311
127.773739261
124.186918567
125.81428117
125.010119971
128.207680261
124.467177862
128.906016119
124.883787069
127.011445115
123.277949736
127.839519707
125.931054834
126.392337397
129.44884565
126.27124344
129.47058055
124.153838661
124.029642842
125.089516489
125.777064694
130.221193406
122.473084849
128.124681389
126.001840736
126.72399635
125.417492203
129.29312512
125.205435479
125.958520241
126.769317782
126.373618507
124.962224938
125.415109815
124.41029727
121.964518219
124.922116193
120.941791542
128.674896776
124.18840587
121.056611627
127.490022704
126.124290244
128.091669803
121.397663058
126.770802959
127.659634163
124.510438824
125.984878696
127.395714515
129.266688644
123.644853292
125.02260734
122.876463665
124.860431809
126.446578445
127.206301979
125.611952245
129.296770352
124.234376085
130.038209796
124.825682816
130.918344518
125.491598787
125.73095255
125.401348633
129.683607683
128.015087735
124.88143294
122.028387178
126.812410659
128.71338287
128.350870168
129.079395311
122.547899025
127.285826172
127.384430517
123.455411595
125.23443649
124.00314783
123.199152843
119.707772343
125.282688234
124.138931288
123.976290379
124.00116116
123.540516834
122.190075147
124.769478394
127.431114608
