57.0897963725
72.8231063555
58.5056092035
60.9550316005
83.787390418
70.7203930328
60.2253710823
69.1284359514
75.7819128139
80.9756554138
69.7090540641
76.4236763794
71.6446330151
49.2281944515
60.478221426
77.2135103865
74.3851550629
75.5739394072
72.0509664289
75.4758685556
74.5108999007
75.8546071241
53.5754040295
75.9284007586
79.15342538
91.8675015255
70.5788534816
78.6780059237
59.7704159629
83.8500297659
79.2119788892
75.4260912541
67.7029103205
82.9551443951
63.7396675587
78.0643342043
80.2388516612
65.6105157181
60.5230803521
56.9176752307
71.3017199928
60.0093897329
58.2291221254
67.5081858545
60.3480490289
57.0350781914
53.6165017482
71.6338742199
83.6044953051
66.800200978
67.4200332154
58.394198517
64.5153036362
76.3014414074
74.6570252726
64.4873620212
82.656774376
62.4104408701
69.8852341391
64.3529977183
79.0045727863
79.5959203341
76.4939987862
64.3951525377
84.6874937117
65.2108994738
57.0509796881
72.8907844606
89.0727404356
74.2590069133
73.8266079406
58.3607362716
64.6541280417
73.4720947475
69.2989172049
82.7923275618
72.1499992523
73.4738429337
67.2858226971
77.3068911906
62.1824642399
70.154911299
54.8572417406
82.449373857
63.3371684353
71.7203052531
69.1946044238
75.0327392176
69.6777379035
63.5552512499
67.0368508822
72.0928970533
85.1626675847
71.5761907974
61.2399010145
62.5033761757
69.8879946373
57.9231640631
73.6322982383
61.6844792852
78.0356495881
55.6931297044
76.5327630296
60.5669039696
76.3645182313
75.8636806003
70.3086989549
74.2447018472
73.2676917081
73.9555426443
73.9615203664
75.0487971797
66.8804364877
76.5777430178
74.0296981551
65.4432436093
77.1815319534
72.5639606921
71.3358187427
72.1332267594
84.5050517556
69.3168473552
46.3244503546
57.8529117632
65.9800450939
63.0707074852
64.9605276075
68.1581190873
72.5611958057
66.9209784336
61.752386928
66.2573916406
70.7821539478
58.5820962026
72.5446703673
71.4356745428
80.569010422
58.1836620057
62.1717583309
56.7372307605
69.3741193401
79.1096505929
72.9773140272
78.3981676585
73.6789882085
62.055582812
56.9164834624
62.2977262837
67.4811771849
47.6983256644
72.5463674285
78.1053532695
72.3244005518
76.49947974
65.99100887
65.7157868696
67.2935822389
69.1468226728
67.3829373188
79.9541209804
73.755439142
59.0676459973
77.1638858312
67.2661047052
71.6151331055
66.0522616549
70.8490125217
75.5390542548
86.9969214275
76.9359204868
81.0987668288
64.1236443044
63.7144789244
78.9787834357
64.3589256853
76.1563216685
58.6865740126
71.1878052834
66.742036185
59.5401997731
56.3726242803
75.8965409053
73.0106660399
70.4356411141
83.8180789674
56.8578229244
67.8658613656
75.2035707052
62.9931457497
70.5911822776
73.3105090319
81.4007700235
66.2544948247
54.0997578573
57.0020544989
74.2258997927
69.7064018273
68.8017191126
65.3168342235
70.2524118984
64.3695288912
75.0533499095
68.4540920062
71.9223349236
62.3597912072
70.3977215248
66.9609321922
71.0091482943
65.9644982668
60.2584856567
68.0618553762
79.4523052294
62.257188377
70.865299745
65.7681121784
58.9683054031
67.2898278824
68.5735622547
64.2726670195
64.4753658101
61.9640375839
61.1866255756
76.9952762324
69.4253051501
62.1843883578
66.008956639
67.6976170931
70.7403512387
81.589607079
59.717594679
81.0982385027
57.2040776891
74.3161324756
70.6377140857
48.7853676101
67.2355217801
49.5713346592
63.1668375898
64.1878724436
72.9484779317
69.4674379312
93.2926676153
64.1082404482
70.0427913948
76.9755888866
73.9292088305
66.2217559273
67.1395716189
65.5436967059
65.7903504978
64.0493108325
67.3356632773
65.4231112502
74.3513315178
69.621533667
76.9513430515
65.4779683801
62.4895358634
74.8768819521
65.90458484
51.672950749
60.6191580056
72.2318748514
65.7192225889
66.229966804
57.4502932478
86.8206478009
77.7720972471
68.0234964122
63.3132344959
62.9514689086
64.6472738861
75.0123246415
61.6370019851
60.8058429573
64.0174064588
70.7643821761
63.0185403141
77.532124178
61.4123432708
51.6084043898
76.5147223315
66.6759807357
82.0274006852
76.7845294475
66.6724215539
71.3197732023
69.4912839848
70.7439044463
73.7326427881
67.0125298237
78.6490525407
84.5637321364
61.8283250103
53.8353213619
52.5856998097
61.7305014155
67.4954314582
75.4134574787
54.6092074728
71.314834388
68.1397620591
78.34019271
80.9452710073
66.6071939341
81.0151650279
72.9319040522
66.481365196
61.1672189637
83.9263636893
69.4563048727
77.0406826201
81.2984420571
69.6355624828
66.6875840597
61.1503733506
64.5347183681
74.2659121921
66.7362207399
63.9892803585
63.8513598252
66.3981455276
65.5350980616
82.7726483651
78.5005822834
85.982624261
66.7520023272
73.565802547
84.728341198
66.4916814665
71.1434920644
68.5247180226
61.5436404896
59.5872246668
73.038919634
67.6736576156
64.3956496285
80.9475661479
74.1278966279
66.4448313752
79.3077611986
62.7255166516
57.6804158826
89.1727509281
67.999419348
67.7347708636
79.6806501195
79.7613633358
77.3460687881
63.7920499748
65.4221859881
65.4546862219
82.7588090806
66.7596259983
76.4190289832
67.8006422436
66.0295476392
83.4054229759
80.4442201876
66.1035067872
68.3438673927
67.5982150375
57.2276401675
67.0326742109
81.0306768045
71.1547112232
73.8587341706
74.9746713268
84.0891746951
79.3262314617
72.81605465
84.9731879778
66.361222823
76.1575267023
78.7787637267
65.7466888671
67.8745924572
67.347882649
70.3069522438
59.1987638359
64.2089068583
78.8110107641
55.2314766288
71.6893424579
72.8323166306
84.9117513544
57.4935387632
67.0003723488
73.2869869403
67.6770177008
83.7968695987
65.1101578868
69.5524841599
64.9507425986
63.1324960674
71.9001893464
69.6928463937
63.8186486875
72.0644138593
60.3737276166
55.7931301283
91.6904696837
56.6167242543
58.3418353485
67.613622557
75.5104944914
62.3740243702
71.8082546692
62.6363276353
59.0086529576
65.83857
62.9630421989
65.1380707076
64.7691910779
66.7989524269
59.773639065
74.9874042024
60.7267537128
67.4615453708
78.3555671705
72.0857646227
73.761070347
61.1100861791
78.097409976
65.4506976514
80.5966860062
69.7237673725
50.2132770558
73.2337404236
63.7502392959
70.8435372257
70.6766006049
66.4930805016
68.042908916
55.6612761323
71.0706133731
77.6528626539
60.6207736742
63.0680538312
60.3362618188
70.8991462125
78.6007106211
69.3916154092
75.645079483
61.5148080162
68.9312751599
58.6859199272
66.093931329
62.660475021
63.9453395147
79.1868904726
86.2150610138
62.1059949322
61.5612673027
54.3137645799
64.2210607811
72.3203118606
69.9858286897
50.5529633178
71.4587833303
61.602232098
83.8106713931
79.283300619
66.9083184035
65.6456414208
79.3553275352
79.0324360377
68.1837980706
71.7801939624
56.1026776805
58.2866838767
57.3603780859
61.467425181
77.5398464627
66.558469945
61.0977307599
58.7935846913
64.9369384516
66.6254209049
78.9609999116
67.9164926937
58.5023994747
63.4067122532
55.8750483851
72.1641714279
73.464420888
71.494951234
67.9796577288
73.371421848
72.1021984875
77.7819621546
66.5000866275
61.4561411243
70.1283378048
68.1892732696
60.0850868031
82.7261997367
56.2012666015
70.5709830101
58.5213344822
75.6254922607
63.7662539309
75.4119344468
61.8993960939
73.9738734167
69.479536613
63.9086397401
58.8691695469
75.298780995
53.8021557263
69.8585771862
68.5373146883
74.1497324993
62.1420313043
61.1594601944
76.7651116039
80.0271994377
84.6657823941
60.4962187577
66.5861933933
62.063716574
87.409664061
55.4490249962
70.5696060816
70.9795646054
80.9775238905
67.1872866274
78.0900496935
58.9989539249
58.8616961248
73.9433601807
79.6393527075
60.019074177
63.2934590021
75.3974483759
63.3136739588
68.5060841028
59.2352060027
69.2050747812
72.6857941222
59.3597215717
81.1593469709
67.1712567185
64.8353759738
66.071954925
78.2284296244
50.8419632936
56.5646875007
74.5947827031
64.6350191443
72.4691876319
71.7725598118
58.4668680754
66.4168814027
61.6173447686
69.5327096385
73.026520312
77.0658453983
72.1958821941
82.2225832693
57.9137555467
75.4972454417
82.6099710743
81.7270721419
70.9660818757
68.5281156799
64.7885081251
58.4732196231
84.682637858
91.752320277
71.4090389322
68.5741773052
72.3776072831
59.4681168286
70.5550219533
70.0028965275
63.3571685339
65.7646236619
74.298878117
62.2420492093
60.7647927942
76.0990870291
65.8944209086
67.2964915654
69.5092706179
58.8877224143
63.5386918814
88.6918411207
69.2797679847
83.2265626093
80.9767620047
73.556964792
64.8989754374
81.4753900355
51.4094087993
83.1938814132
85.8093867381
68.6954858115
89.8338168533
69.7532715245
72.6341410183
63.1095386424
73.9716015844
76.0328272931
77.6724017178
76.5883171368
78.5608355792
62.7750209222
66.5035779839
68.9789881216
82.3234569353
68.8474412387
63.3653450264
66.9476714123
68.1676518488
78.0749255294
77.7629323026
67.0737282376
54.9599605012
57.4519514963
52.4001359554
62.0624727608
64.516323713
76.8580266557
68.4510096094
74.7822685422
71.9637828298
73.2900435108
67.6958924836
72.1998235498
60.2305148258
64.7888475081
88.9189634695
65.4032020878
71.2226942036
64.0939048398
62.9168936603
64.0692005062
77.912242688
71.706179609
82.0462776009
84.3479383304
72.0532313434
73.621937606
75.2226060564
70.0003812406
72.1933646852
66.230494533
66.6544332548
58.011370127
68.3291040657
55.9823702157
63.1176460826
62.6116231686
56.9702177483
74.4461082423
70.0782237463
63.744098406
75.758223136
62.5976128194
63.2877741978
57.6498182253
78.547461199
78.796038513
68.4829923707
75.0159242793
82.4760311921
65.6564815149
72.6728784041
62.485559945
66.1604963208
83.2192861921
78.3066452611
64.0597952899
79.5136007508
63.2927497041
63.2507936387
67.373070334
65.390999693
74.9726111448
62.6320156796
72.6878182245
79.6134563108
72.6141421419
82.6292590844
65.0175063604
61.1491530621
79.2697840271
65.602537978
83.010447396
57.7771515937
67.8277437924
70.3729362659
78.2776844934
73.6315883558
67.4226236816
71.1190106583
75.2581080788
66.6898289459
69.0395950536
70.383992432
69.5635794373
61.8411859654
60.6769258338
60.4922313728
65.6875623907
53.0441676792
79.5476506179
74.3447012886
85.1387691198
85.1308438056
68.7405401881
74.0295517472
69.1753265937
53.2654147725
55.9883429979
61.5816045571
62.0146748515
78.8451066181
88.2817931536
56.8352094768
61.5102145243
57.0693480201
90.917077553
57.2041430987
74.7653663328
76.0754025311
77.7983115882
68.3744530415
71.8271327279
71.1702712102
75.7727621265
65.0223664405
67.0809112917
59.8046135525
62.3099789427
56.7197086033
69.5390192524
72.8772918329
72.515546253
65.7157662758
76.6041762049
68.0755590135
68.5137816148
59.0335095501
60.3403532798
63.0919703219
63.6002414349
72.0472727306
79.8150795494
66.0609921738
80.0187259319
65.6771501094
82.2588764687
80.9529012002
78.1628835753
76.9320408729
80.9365913068
68.8856957511
84.0062832549
57.7580746612
77.0267297288
77.6167486009
65.5482684919
70.2874757738
62.0753079241
67.9928999097
67.2144128342
81.046148762
70.1780242856
61.772774057
66.5361701184
62.2659351453
49.3361321047
67.1248615082
58.5562633877
82.3249015038
74.7782312565
75.0723370814
73.0659365358
68.331381958
55.6964051556
65.9239171811
78.8505761944
55.0702009228
62.5426886038
63.8401597322
82.3204600913
73.4409887307
68.4352490543
79.7893448413
60.7537757327
65.2789132052
61.3053294352
70.1173762043
62.780590306
91.7892822843
71.7528457385
58.2149169469
39.3915887209
53.9707666509
58.2469066915
61.4449062718
66.9341594489
68.0893481944
67.6139591439
78.317406721
53.9534343232
72.6815662022
73.4737870472
69.7309362905
79.6615752506
70.7956931482
52.2733450182
56.8107885111
72.7479413549
81.1268662349
62.012715913
73.1462907759
73.7931893579
66.1338273608
66.5419627578
66.4246944961
69.68488084
72.317768641
69.9816742658
67.317326865
74.7899463054
62.5478433702
68.2694826703
61.6561048121
69.046760637
73.6438621127
63.9264322808
64.1388338125
56.786433212
69.0718050964
84.1301535486
71.8912660685
61.6498390356
58.5429930349
63.7938358368
61.5205754957
70.1965940443
70.4021061552
61.4893062197
72.5758353398
63.2737192481
63.2326141974
62.704921045
76.7946935537
65.8248151206
68.554447195
69.9892604561
66.66931998
87.1425431843
78.3877255187
80.2836841829
66.4282444482
60.9572992575
63.6646310831
57.1714652958
66.302124722
70.0454516118
72.190890188
60.7007384077
65.7703785731
72.8468759218
82.9770124593
61.1946123165
61.1235461568
70.3472549067
61.8518819992
73.9941305653
70.7873893817
64.8051553025
60.3578035585
67.1118996263
64.0610194067
68.6485997049
69.6873760941
64.8967490634
80.731566905
64.1240986527
58.4020695443
62.4628695701
75.9111172695
74.5867151621
54.9786803139
63.6091989729
57.4242456267
76.8729707807
79.3407855708
73.9104775172
74.809648459
63.5796636592
73.3811153799
65.8304449292
79.6994696246
64.8253617922
63.5319552719
63.2989310375
79.2403844994
78.1092451971
70.2611583688
60.3548881383
82.0112079863
63.4663574559
68.2588412045
56.4561418848
55.6472622108
61.0300225773
68.6688541556
73.3361943576
69.8654191858
70.0773406601
76.1404201993
76.2071658866
67.5001840232
74.0864346966
72.0589469964
60.0245683049
66.8829376747
73.8739635728
58.9472685634
76.7687317885
78.7194535271
70.023354518
91.09966201
84.8129068426
68.9770500827
74.6017217743
54.4064317745
70.526150303
72.1370128092
76.5897275282
75.6345842346
62.6479708404
64.1665077088
82.8644041456
61.8260547993
70.0227296268
58.4363580906
69.4084763304
71.5027030127
65.8867140936
78.516356531
52.3630920252
66.1112062618
58.8418550912
73.0688976034
65.5260958821
70.8267465051
69.084264724
66.8855852037
78.8057004021
70.3213806602
72.1104543259
67.5617078843
69.9484789484
61.299158184
77.9945254405
75.9587259527
65.6404081083
77.7078502209
58.2503767854
68.4377661285
58.1129414316
62.6982169198
65.4761645242
60.6753075567
64.7674087954
71.892836488
74.1604281407
68.8458912124
83.6013077038
75.5168913855
74.6151447022
68.6947020355
71.3071519748
70.4695168383
79.2654335978
74.8038921027
70.179643193
57.6500956761
72.2013238065
72.147196854
59.8955833618
74.1061950435
73.7106940116
79.2438347871
76.3034599176
82.935291034
68.9717589484
69.9254596636
73.387289889
56.2774127176
60.8111505287
71.7629521889
83.2839105981
