165.30240546
182.073084244
186.13567142
289.521606776
183.08370325
345.346409029
165.396164723
293.67283975
249.77662241
165.972361372
207.278060301
389.526912146
248.630201811
231.793214807
222.886766082
162.14344431
153.560526272
277.332157351
207.532535535
216.324359058
247.702267253
280.708258814
217.895649776
173.248225521
208.210687501
169.254413068
182.469538739
259.049918213
200.03960504
197.893156574
202.9061123
214.981461314
236.089051377
134.431965048
227.428024012
241.443495373
224.091110065
207.394635944
193.386121119
252.166451564
149.233618842
198.150823699
247.29045779
334.831429592
170.079541804
167.691662593
171.984862836
173.405972596
220.245393702
229.236053554
221.169156931
192.563276007
221.767128564
233.789134926
226.339176579
262.56952027
205.928298689
244.485177655
221.976985546
238.008422795
220.523982068
242.082631211
180.707155071
195.349635783
229.524416637
193.068330728
211.087697303
237.324026424
243.167871455
271.774238164
256.489308057
220.975693317
170.0154605
155.754235367
173.090437423
194.894121255
222.829770459
303.4481052
276.109674487
200.914577656
415.732122649
292.691231762
183.620186822
200.583445077
193.823955128
166.981205939
222.00185377
328.636946791
284.490113495
208.689454973
312.267943857
288.722393978
191.482687746
213.052836142
182.053313373
358.585100383
295.146209406
190.944250708
292.80271235
275.3701754
247.477685386
205.058240088
256.230091092
292.075100345
175.894691302
270.416042601
206.432417188
237.927953675
182.647246141
128.71217891
163.875169966
188.649525996
221.838335047
258.758923232
215.994373995
170.466623119
207.829227566
205.447533
246.953344451
213.3686404
268.974419341
234.469492716
255.735855879
217.715836592
243.399235314
245.573754753
219.524833537
187.032717187
178.887017238
191.647729291
211.611759894
178.616824964
226.472493738
177.469002086
258.500243558
151.835313481
164.697927238
321.798544269
201.706868918
231.80036759
262.126574522
172.108314036
208.974171478
302.198847805
256.24175186
196.659704445
159.694495418
203.575935939
261.94228561
238.289562613
267.139157148
241.262235135
182.130345352
239.336785606
221.806798896
133.125096814
243.726059452
246.310139674
234.968071392
128.093164408
180.928661404
186.260685095
324.381241627
201.623091649
162.398489721
154.690058451
164.532875062
317.689385433
209.303318378
221.059520429
154.16832528
213.852877782
262.421391316
218.380389001
257.849073306
217.00052544
217.974282549
230.282849873
211.837735827
248.872399589
251.909748894
134.705997722
283.733871811
294.116975807
218.785924468
142.003470799
127.431198248
243.437897357
204.926181838
203.189106214
238.153441778
204.86342239
278.041090452
218.136695155
232.45289856
160.249748988
285.648020384
191.656417876
265.650124896
239.010047207
151.82397609
169.448189507
185.522970695
211.70684035
202.857652063
242.120907081
272.972095117
172.410499309
249.778071905
206.175683362
258.351529541
244.593374742
206.029468415
228.012553047
147.886679873
187.120348927
244.874292734
348.220711582
195.905957251
176.177328594
254.510230473
219.629609302
168.002152118
244.862954791
236.279957351
191.95768099
278.303835665
200.821181929
252.339758221
253.900591721
150.545819571
275.845064843
190.758452159
272.738048512
165.539441284
181.474853507
166.202200001
174.101768107
236.50972291
267.844684425
270.891163083
208.727023991
205.158889345
238.637955671
149.496401527
246.845421559
302.326988154
152.333733764
191.57959672
332.76969403
172.640796383
196.180959239
215.528054033
178.225492407
203.748505062
261.705023566
172.883135061
314.3280549
253.521283358
264.994417848
188.974422339
182.832786371
329.64851983
271.953197736
260.441050552
231.656849627
157.025157864
217.154224651
135.77610933
300.138402572
240.602246568
285.427994086
175.994998418
244.608977558
197.472430781
134.628930636
153.488232332
216.102912432
196.346801355
341.533219999
217.867655863
171.897013954
165.94360232
129.905293697
278.426108439
253.682146104
207.542946577
180.960690261
288.164651251
243.287105199
159.395279379
288.426664131
180.414749802
213.879454488
213.225170424
199.649776669
225.238148795
154.421264077
216.095708643
273.31492491
259.413857458
254.691918823
277.520161862
244.635354791
226.932450373
275.98033397
209.420562207
143.14605978
266.421746085
266.862787376
258.218034052
253.547475683
313.259685714
314.749642362
331.058844839
230.017723587
270.06791671
177.722512209
238.911509738
258.412376505
235.986304517
258.690381679
203.200522291
167.046641398
164.068805653
233.844846891
177.218657907
235.207400026
243.319308616
175.471817444
256.981008554
183.811312164
275.418956534
147.018980327
189.123338842
211.996790141
188.204470074
194.674548225
157.678992353
284.01560916
207.822730594
143.215820884
303.591518541
248.643111768
186.65343339
175.2786829
219.839855516
238.079002385
222.70633896
220.150700436
230.741052555
223.84559512
214.784995736
187.128676875
184.960326314
172.381099133
239.710588618
159.401490656
257.457320524
180.780991432
171.959150144
236.48000253
262.624791795
281.095085381
219.199099026
303.266876765
176.275389745
254.514341158
315.210304474
197.849169018
244.150877516
168.767204522
150.76577442
186.812075945
193.980925207
307.386347963
109.707013157
205.879022322
229.125617645
168.696781097
196.14008462
283.026874644
244.892911057
345.612960269
253.841730058
136.98839288
201.498049682
116.113836214
274.555699373
234.024522433
319.609285197
252.147343759
289.466401304
260.976184672
251.251925589
144.216922165
254.760071307
221.262189504
197.232123374
304.390246869
239.276876944
218.215987827
286.597734502
273.615556663
158.181366996
214.036966455
210.578252057
215.471068264
160.815786731
202.42568269
235.381352222
245.675758552
263.36980838
263.871706923
223.706863195
173.174083245
289.97390798
279.470568763
210.459533167
272.873875212
151.910973543
242.905394604
220.968322276
339.079616629
158.539892327
349.272794926
222.417721741
156.054595508
219.786075007
204.951697223
170.061709261
218.730239638
228.810960819
151.734258665
179.413332013
104.938527269
233.288673134
224.66604578
285.029024357
284.41074914
256.288948706
143.365319911
237.959447552
233.568515734
166.992547092
228.827530079
230.347011365
269.005757545
249.151182437
288.398061235
164.591576192
176.897446041
338.36767327
184.561080923
225.879991058
171.727503753
249.977957328
214.748851561
253.760902279
246.679857935
201.052429598
204.497793029
197.819962865
231.751078926
215.256601531
229.729222086
251.414712622
272.052626875
164.816408302
234.47720793
186.441468331
146.554246227
245.473666938
227.934172485
200.650053363
197.50544619
275.747273215
191.469144528
220.773839201
239.722285932
240.503491482
213.653537523
150.089198166
308.263433966
224.580459428
220.212096329
182.097703617
233.996825301
230.384672128
132.583064262
273.200229406
214.734110214
253.978149081
224.592335712
241.504478146
216.504098523
283.327859696
270.230740047
198.437792623
174.139542132
241.506666226
212.45216818
202.926896008
195.811727339
213.862168808
174.15459161
271.971801431
187.500483248
134.125489584
341.08007256
215.724276525
170.121993913
189.109647719
242.660819827
248.728768349
244.655406515
253.879034932
178.264983741
207.27794938
211.657291355
191.412230025
347.608481909
218.904568144
166.975573378
179.108169815
265.248856874
183.947127199
223.321814368
153.970688786
237.93171531
228.38391355
207.75251221
231.308432906
251.051754716
200.705665517
232.755209422
246.055814585
235.134178809
191.461136706
176.819924521
223.144979321
198.752654041
138.112847308
163.016546358
210.962137976
120.416588619
206.548826163
299.164223071
220.989931162
173.608261431
248.725756684
239.175508255
244.827128019
251.032771763
338.876400949
256.835509831
211.467811616
200.70662618
148.030646209
267.658605772
274.522155614
245.125102877
299.307514038
188.566468201
335.375748432
252.939455132
150.641015459
167.742759476
261.559859587
262.414066173
170.657706824
253.870954726
128.709360513
298.464730362
248.700329063
300.300012836
290.695641518
149.296185594
222.579860985
153.103097136
224.578726916
234.275312217
235.424652884
267.484672764
174.554472064
238.816277502
182.048742477
319.118594889
241.941737388
275.195660606
279.272461587
251.517608239
262.233090991
218.420839052
157.774320181
263.342384011
162.602744358
158.167743911
185.693782589
156.418275772
228.380240298
275.828419353
281.44315009
201.376041022
227.252681614
279.514566743
246.348074797
227.384661299
304.839772471
242.699236067
207.67416295
238.896946535
199.007564683
236.501899418
234.55785917
156.933263358
229.60051657
223.013682006
276.807539898
241.422118733
270.983764335
206.293423781
210.737281266
204.232057785
207.200040551
185.286144279
308.72648868
123.026849088
251.455005026
279.874673891
310.843614394
227.888919484
238.9500014
178.86859771
333.682107349
159.342930608
152.107164832
213.041240135
254.348027177
173.501972702
182.850643116
242.651259979
219.247891766
221.100199159
236.184354169
212.391672753
278.819902285
221.897569071
190.706904703
219.709860979
163.664554193
245.840824512
186.862475402
213.483506799
227.390762119
205.17131101
223.162944269
222.404417161
168.718240819
187.289908874
238.006974777
206.43285145
216.046273525
160.800471175
203.699125261
207.340987062
130.955824945
263.098798418
214.186339565
202.580247923
212.454095678
253.455763015
260.295971685
181.990139099
259.285374575
201.338107194
203.421643103
210.603444372
170.645318949
300.481415824
179.627766517
219.440806844
203.61711713
204.424668653
232.054850383
275.060155622
291.350363854
201.844662401
273.624378753
247.606537745
226.759829123
264.646427365
172.33682377
223.573329533
198.109919071
230.630271708
256.668470056
319.898781029
227.076452089
256.315443637
230.221034475
213.663641756
175.737658111
234.23940374
200.433608177
224.724511058
307.753769324
270.161942899
258.981962099
148.661377857
214.745872541
240.3936339
213.44369837
182.890229795
182.092388467
266.355096778
153.142289823
206.909454711
129.790492778
247.733203078
311.190645215
208.428421314
268.556006395
149.536137797
184.432438297
243.803200121
293.189094207
227.237438205
271.133884967
181.199198607
252.340095238
248.149030594
224.328091039
169.021793289
159.052527343
256.218234935
209.417815271
183.383433583
138.166510159
264.901946991
237.073965972
159.246464476
277.745354663
241.752692639
183.426691629
254.154837839
161.065571022
232.120896425
255.593522206
229.181939827
249.104265366
224.472682909
311.070927187
172.729149701
283.308155848
150.062265438
216.985324477
240.625084971
173.53178969
178.910904417
206.603682688
286.019686491
215.256869862
174.005107064
298.599080834
342.457887092
159.197136455
140.268270418
208.788475124
163.525560009
223.413955836
233.287785849
317.621145014
233.337141618
285.989273557
228.594501367
256.361818772
244.69037457
111.943624669
193.401126453
224.221879507
163.079098534
216.328965388
216.640498211
218.232497932
223.81753435
183.521412737
191.455678626
190.914891436
227.566635968
237.11942299
230.26032745
188.259952052
192.237637221
281.087654288
252.633270358
377.832232151
216.195198062
167.580084029
171.864444162
205.132794331
223.13524993
213.768375266
169.682598475
158.640114533
257.97430727
136.836032365
239.199729177
186.687917364
191.496735972
281.951281547
231.331265976
258.770015976
267.426309132
269.741111053
329.825147618
140.715277574
229.27810678
247.873553085
219.274438946
259.918624782
322.788774136
246.362939604
295.266079145
233.978734141
154.299129518
151.03553045
184.630024312
225.929763971
310.396057777
150.523495846
234.561900655
270.521960633
187.019674401
259.226148176
239.502151929
295.241437763
294.457530517
195.436649413
309.947475635
159.237549987
226.640085167
251.302327641
260.924120767
174.252338359
233.195131276
171.018498109
261.983255299
267.290273725
231.422673278
192.813922614
196.821171561
284.933593019
248.313999539
203.770762592
122.79586285
174.405027563
229.460167591
255.513559553
209.030855037
177.668033615
105.951206535
191.917582856
207.694590761
196.070551179
214.213933184
272.169320604
173.035316228
180.051506526
223.489733898
187.304006094
277.352509573
263.423103229
342.269494678
159.997795465
197.827605708
226.343084517
240.950932366
219.840644937
139.680683568
205.777837014
219.133494992
295.642814845
280.388559811
173.246842803
184.889508048
185.713437148
227.642891509
216.015285477
229.941504441
211.345091069
229.056540666
163.144716355
208.508207216
164.403891323
198.966584632
300.208854923
218.389941032
250.513978712
172.486208052
166.809857267
283.508573391
219.568260346
209.530801895
221.228306179
194.216059771
224.648853065
253.917678139
274.179774118
157.841356521
328.486121588
248.352968293
300.988821991
215.693445902
239.47925637
265.203940875
275.395839565
238.718300581
305.436647326
193.633553032
220.40229491
228.96890515
218.812288051
315.676071078
300.685703355
201.501400416
228.096763716
234.682803209
166.881968196
201.902326956
250.587939091
164.583646499
192.499072557
312.985617787
253.357948366
338.435281511
193.948910312
300.469479833
275.647775059
137.973357764
228.054074658
340.974089464
179.126461522
140.038470793
344.293427043
278.832489618
255.137130649
169.697307488
202.28960913
229.655533785
192.5911729
305.539606771
298.997897573
232.281923311
226.952322805
171.740663102
331.632605769
169.599402014
220.197494151
218.897578402
236.838582967
211.003886078
189.871208639
181.003379611
251.373265232
201.913654294
165.397348617
190.90424924
191.051317086
180.148183371
218.336332719
223.300374812
217.258754671
231.790112611
287.429963201
225.832061768
342.061441057
181.206958169
190.506024938
303.9530497
202.693556834
214.156357542
230.196272733
174.57033479
150.784915736
192.607285105
202.449110545
170.809788709
231.213001013
221.515358192
185.227313144
260.15772235
170.989800513
105.882293768
153.317394546
221.591762525
281.599065367
201.714323604
223.635208389
234.976652635
