0.578384666548
0.57837526269
0.578701149501
0.578469517471
0.578324710629
0.578318706686
0.578788278835
0.578720144314
0.578820019873
0.578666329117
0.579190065601
0.57866880436
0.579150576129
0.578230249689
0.578705360576
0.578658411706
0.578941497042
0.578107159627
0.57884611366
0.578479938206
0.577931441393
0.578517180124
0.579186634703
0.578761589921
0.578768278045
0.578780449832
0.577990009815
0.579094377634
0.578593156357
0.578455503289
0.579131380669
0.578189719016
0.578488461305
0.578360266424
0.579020822522
0.578350855678
0.578470478445
0.578615824559
0.578951711383
0.57835751201
0.578846267324
0.579241180441
0.578686130515
0.578879366968
0.578879581197
0.578708318001
0.57897429038
0.578764946574
0.578612548846
0.578984853673
0.578453076862
0.578827050824
0.578973954337
0.578801543111
0.578809523907
0.578749636557
0.57872688892
0.578364917143
0.578824527008
0.578671278305
0.578379180387
0.578665542757
0.579067385472
0.578332987885
0.579422924349
0.578981823643
0.578396024663
0.578423602568
0.578151210735
0.578621032376
0.578652183109
0.578971705981
0.578617830682
0.578656561277
0.578887102485
0.578853877445
0.578643606124
0.578571328277
0.578413124745
0.578553342144
0.578423129325
0.578672813452
0.57868062606
0.57842146503
0.57870341119
0.57842171975
0.578839492957
0.579145956974
0.578358941764
0.57871286037
0.578573189947
0.578633274643
0.578581198099
0.579051910731
0.579176873312
0.578466294995
0.57878607827
0.579096162458
0.57888827787
0.578678358755
0.579037078237
0.578407317757
0.578935405305
0.57885839495
0.578503822947
0.578909896343
0.57857081048
0.579269461732
0.57859189058
0.578552549943
0.578599393171
0.578679147158
0.578447639293
0.579365097776
0.578643460773
0.578528565516
0.578961473495
0.578719630849
0.578322969993
0.57961463698
0.578097127275
0.578809450301
0.578933164803
0.578286768626
0.578444703814
0.578250969189
0.578691376034
0.578499204914
0.578645261516
0.57883406046
0.57916339014
0.579058815883
0.57879678595
0.579182896682
0.578988362582
0.578282339481
0.57874077504
0.578684569119
0.578645397785
0.577844359182
0.578132825081
0.579027271397
0.578742606966
0.579123977466
0.578878154831
0.578639575865
0.578858722418
0.578906834719
0.579104607007
0.5786980005
0.57846803719
0.579030868984
0.578258772724
0.578907587233
0.578722150276
0.579084401261
0.579061107541
0.579052583076
0.578621966595
0.578956620768
0.578481030015
0.578596235688
0.578634629912
0.578724830288
0.579416484415
0.578427187085
0.578903546593
0.579321806563
0.578653087895
0.579123408134
0.578722166254
0.578744145144
0.57856569715
0.579367413656
0.578506622766
0.578432029627
0.578485667785
0.578865801966
0.578551662414
0.57855933558
0.578793515754
0.578713777335
0.578902965257
0.578545873581
0.579128137511
0.578548289279
0.578658957635
0.578256399579
0.578648490757
0.578725368662
0.578987944769
0.578493272838
0.578261157303
0.579001880662
0.578815198498
0.578819803791
0.578576185685
0.579018932485
0.579057788916
0.578837549899
0.578844590557
0.578846539462
0.578131512476
0.578341263829
0.578821805579
0.578822184536
0.578557738157
0.579119465907
0.578616081384
0.578774729742
0.578720627144
0.578327474061
0.578666570902
0.579089948192
0.57904730116
0.578805183221
0.578215375571
0.578899498924
0.578778361877
0.578418562539
0.578893347489
0.578650506787
0.578962583497
0.578483638694
0.578537369213
0.57874633661
0.578335362683
0.578716345971
0.578363276809
0.578868141684
0.578296678126
0.57851731987
0.578928128097
0.578927735716
0.578414206703
0.578585004056
0.578514202547
0.578596587006
0.578321939193
0.578798555959
0.578426379271
0.578300383764
0.578995481536
0.578364269422
0.578846097688
0.578371496704
0.57893242161
0.578628418509
0.579342115768
0.57850148009
0.57848835348
0.5787908754
0.57869774567
0.579084503551
0.578819661504
0.578795825949
0.57876922401
0.578798517307
0.578978464625
0.578736971025
0.578880591306
0.578898333671
0.578491136882
0.578372387465
0.578494360733
0.579114243718
0.578646687766
0.578738539785
0.578312588593
0.579147991583
0.578865697392
0.578432232671
0.578345768921
0.578309795964
0.57871552006
0.579146288077
0.578704721997
0.579056836718
0.579227743002
0.578839039302
0.578440543752
0.578415377158
0.57876021712
0.579303729766
0.578460628927
0.578849299441
0.57874341568
0.57936997681
0.578511212279
0.578988472299
0.578184519164
0.578436526025
0.578840211654
0.579437811698
0.578975662003
0.57914274197
0.578598029174
0.578465195544
0.57898426855
0.579188763616
0.578045633985
0.578617909206
0.578633449605
0.578678006693
0.578246730813
0.578707144473
0.578853957154
0.578887386586
0.57847022994
0.578899430332
0.579142696325
0.578713768097
0.579539227646
0.578377425864
0.578673795723
0.578485996426
0.578742470785
0.578575451889
0.579102143914
0.578787459964
0.578924725685
0.578276078457
0.578698663169
0.578599581954
0.578917221436
0.578677149051
0.57890713094
0.578434531004
0.579121958088
0.578907015446
0.578240627487
0.578130390237
0.578757208885
0.578543190494
0.578740430488
0.578873286019
0.578921569675
0.579009373053
0.578397947335
0.578477635893
0.579236287879
0.578883443588
0.578143807856
0.578936118389
0.578302437842
0.57843883686
0.57857109979
0.579246052229
0.578915417507
0.578791142306
0.578576473246
0.578926530864
0.578489310748
0.57845489175
0.578722095873
0.579065441409
0.578704144433
0.578695817184
0.579108779557
0.57871849457
0.578387017879
0.578797162966
0.578722991766
0.579010963647
0.579103776913
0.578610326746
0.578850154833
0.578428985044
0.578555100452
0.57890745491
0.578365158635
0.57781991694
0.578512531389
0.578682264862
0.578992237062
0.578619075133
0.578903297192
0.57872634191
0.578423733398
0.578538170142
0.578761030675
0.578444416745
0.578721480992
0.578496824742
0.57889998894
0.57905772801
0.578555552329
0.578824674328
0.579060003444
0.578463967775
0.578642266595
0.578932763165
0.57908348004
0.578534430608
0.578845141263
0.578736926438
0.578868001755
0.57842574843
0.57832688117
0.578493465606
0.57828084633
0.57905195518
0.578480809953
0.578338723193
0.579068663213
0.578501943685
0.578428245833
0.57826542945
0.578896432824
0.57835638856
0.57880055962
0.578766761822
0.579248351866
0.578463275297
0.578694855954
0.578677848924
0.578753088917
0.579225992772
0.578351908527
0.57877840244
0.578844556668
0.578561655941
0.579064074775
0.578414729726
0.578700131044
0.579250475868
0.578763096299
0.578990506872
0.578756447983
0.578984773808
0.578577267152
0.578801385129
0.578322669645
0.578780320353
0.578451767743
0.578708886385
0.579471544468
0.579097808469
0.578585011929
0.578361676717
0.578488593594
0.578532979659
0.578145173505
0.579086274191
0.578475374909
0.579185504613
0.578493822271
0.578724463974
0.578731820067
0.578616614457
0.578792142858
0.578226714093
0.578856790704
0.578721609466
0.578869888784
0.578527290016
0.578427573954
0.578831096335
0.578446458014
0.578594756165
0.578611904469
0.578545745211
0.579112108975
0.578421817696
0.578246279878
0.578336133139
0.579182122205
0.578659369418
0.578470609519
0.578910443334
0.578921319292
0.579043325547
0.578208126769
0.578649680432
0.578773867749
0.578669301882
0.579008374017
0.579143438367
0.57866232366
0.578637946832
0.578710225963
0.578627752271
0.578891777711
0.578765723793
0.578711862287
0.578865899544
0.578727079508
0.57911862682
0.578287637074
0.578267423766
0.578575933113
0.578773782805
0.57835279292
0.57902795125
0.578913071172
0.578285474658
0.57902476983
0.579106931558
0.578707109218
0.579355690118
0.578584822373
0.578705179073
0.579213552884
0.578041679907
0.578169914373
0.578777942808
0.578685931957
0.578348676233
0.578440810597
0.578988383586
0.578794949676
0.578440327268
0.578608663252
0.57846649466
0.578323189452
0.579016030682
0.578596476913
0.579367390214
0.578443941349
0.578678348685
0.578519124273
0.57909713089
0.578697791781
0.578242571289
0.578605761302
0.578575285644
0.578614651842
0.578692206921
0.578663405641
0.578743389652
0.578752300481
0.57893331133
0.578441992094
0.578233181735
0.578825021799
0.578365227004
0.578903410821
0.578552499887
0.57868363489
0.57829995113
0.578565354897
0.57866327634
0.578869256252
0.578881908514
0.578596037888
0.578384713263
0.578649674469
0.57917985596
0.5784633042
0.578170684274
0.578580616038
0.578770035521
0.578763814718
0.579035913027
0.578303024262
0.579013254357
0.578672013934
0.578390174624
0.578982210028
0.579012273614
0.578557193134
0.578776606189
0.579064572604
0.578876519254
0.578737792269
0.578818810801
0.578368975913
0.578589075292
0.578734581125
0.578996495347
0.578611942193
0.578582515143
0.578949091338
0.578928260068
0.578386199465
0.578685386233
0.578430634278
0.578921523967
0.578876130159
0.578408700284
0.578926137107
0.578733799301
0.578012962857
0.579012219796
0.578530815007
0.578609980359
0.57848834121
0.579025062927
0.578509189297
0.57879358524
0.578607590793
0.57860402115
0.579036251813
0.579107092251
0.578836564124
0.577793730988
0.57868169188
0.578944490239
0.578598673674
0.578765453621
0.578299548111
0.578448647667
0.578660561581
0.578485157201
0.578398339708
0.578671512891
0.578484207478
0.578450118241
0.578857559126
0.578503113277
0.578412231164
0.578636022397
0.578420610979
0.578444823331
0.578566974772
0.578329086429
0.578748015466
0.578423972428
0.57899994928
0.578474544546
0.578634222947
0.57887325033
0.578029384372
0.578413853488
0.578236635976
0.578809369681
0.57853811481
0.578408317794
0.578596416486
0.578774405859
0.578820866909
0.579237337369
0.57847196537
0.578429514104
0.578279561055
0.578580923515
0.578782903852
0.578660247436
0.578672423186
0.578441937567
0.578047107192
0.57873350889
0.578692737035
0.579184069649
0.578774781273
0.578823794046
0.578126146199
0.578647735333
0.578682559315
0.578935244395
0.579135678411
0.578818205747
0.578859330869
0.579082839166
0.578554308834
0.578898028403
0.57917474118
0.578624597398
0.578452242404
0.578679569908
0.578517541468
0.57853811508
0.57837487596
0.578949042826
0.578788897283
0.578923877191
0.578856087662
0.578435400558
0.578502125743
0.579105651793
0.578821521363
0.578889120284
0.579097442073
0.578474166839
0.578906296984
0.578462708792
0.579111136062
0.579009495285
0.578195746029
0.57824607577
0.578911000361
0.578553052973
0.578461164435
0.578831865859
0.578867411847
0.578471992255
0.578305834946
0.578631452588
0.57862148403
0.578771300328
0.578388182298
0.578993490936
0.57933062627
0.578667619161
0.578898412552
0.578450289367
0.57855017523
0.579132939206
0.578499837288
0.57845880792
0.578407413738
0.578885933308
0.578640474194
0.578157390269
0.578727945694
0.5785185828
0.579203590551
0.578929588956
0.578964461868
0.578651169645
0.578629614855
0.578914706397
0.57883456563
0.578092496749
0.579024839942
0.578311900089
0.579418425324
0.578655069652
0.578781789379
0.578507042985
0.578923692904
0.578557322229
0.578778036118
0.578947459927
0.579181055662
0.57880496559
0.578119812407
0.578497245778
0.578006436778
0.578918006802
0.578672326544
0.578511779269
0.578640733737
0.578385742148
0.578244412865
0.579122605733
0.577957178791
0.57825602223
0.579108311745
0.578428258312
0.578694743975
0.578789738943
0.578852455769
0.578176129972
0.578622614878
0.578526838057
0.578813098983
0.578978744593
0.578645903273
0.578832641334
0.578481365998
0.57888158196
0.57825820111
0.578462029069
0.578343508723
0.578680686594
0.578943941491
0.57880463384
0.578345717852
0.579298302866
0.578243754108
0.578396568359
0.578551687781
0.57789934684
0.578336073488
0.578835833921
0.578895071637
0.578832028481
0.578440676624
0.578943973212
0.578954440036
0.578353252365
0.578564401121
0.578497359018
0.578371006126
0.579096344796
0.578337179381
0.579127625371
0.578778241304
0.579268558866
0.577986494581
0.57851579663
0.578488825748
0.578667244644
0.579030504558
0.578543011563
0.578445781173
0.578787812668
0.579066009985
0.578061416615
0.578410718071
0.578446701741
0.578828451015
0.579134067186
0.578376758576
0.578538680157
0.578711613646
0.579088590087
0.578543102088
0.578401349044
0.578766267815
0.579449141561
0.579294031915
0.578725074703
0.578466907205
0.578751603225
0.57878265679
0.578660571936
0.578470189329
0.57911087444
0.578692925672
0.578202692081
0.578922034956
0.578567108376
0.578363840466
0.578551278667
0.578148593254
0.578734402776
0.578656019048
0.578128662565
0.578708851144
0.578451585957
0.579003208482
0.578845051972
0.579068405921
0.578939660002
0.57908525594
0.578199349965
0.578586913492
0.578982196766
0.57857387193
0.578288757936
0.578621623238
0.578757895365
0.57878268071
0.579034753718
0.578547428648
0.578518695284
0.578661518167
0.578357688157
0.578809435391
0.57881647156
0.578123141654
0.57862193302
0.578728627774
0.579192061526
0.578728910862
0.578476592039
0.57907626343
0.578492662155
0.579068332817
0.579069766034
0.578902558889
0.578873434428
0.578515920182
0.578636202436
0.578640637118
0.578668032899
0.578301580459
0.578947691281
0.578649517138
0.578785724087
0.578449816417
0.578719180195
0.578785421238
0.578854743024
0.578921079371
0.578855918764
0.578620224923
0.578895931915
0.578251718968
0.57880441536
0.578892708934
0.579045071827
0.578576074112
0.578526735812
0.578660159781
0.578481269072
0.578772449088
0.578399000704
0.578642010531
0.578544547832
0.57882446377
0.57854975251
0.578414372609
0.578668765635
0.578230815704
0.578542886235
0.578958593543
0.578961320502
0.578368339917
0.578753217655
0.578463744721
0.578731475814
0.578654754087
0.578528629936
0.579072236242
0.578767224281
0.578787638034
0.578636814075
0.578990113756
0.578760725248
0.578433971142
0.57901375434
0.578763111581
0.578824292893
0.578609422417
0.578674413568
0.578982792992
0.578291254748
0.578144298272
0.578891344827
0.578716466986
0.578687345437
0.578331552528
0.578835787911
0.578616969032
0.578106973932
0.578693836281
0.57896020978
0.579029062903
0.579035960433
0.578475254136
0.578857382489
0.578808800738
0.579055048493
0.578655325908
0.578375833624
0.579139234661
0.578965473083
0.57894101536
0.579156765259
0.579171793583
0.578644186324
0.578705392504
0.57817007886
0.578953498969
0.579025522931
0.578371352702
0.578599153161
0.577958619237
0.578201621462
0.57830057571
0.578815080572
0.578713231419
0.578500788826
0.578476710343
0.579023133488
0.578648102615
0.578491171603
0.578446128177
0.579062654992
0.578094611617
0.579034026152
0.57862320412
0.578821952012
0.578700592644
0.578737304046
0.578455517101
0.578403502351
0.57888983897
0.579003856868
0.578888959491
0.578618422964
0.578058387444
0.579282663475
0.578617517211
0.578812078152
0.57853160127
0.578221536786
0.578652472657
0.57849829667
0.578720948783
0.579107313915
0.578704167162
0.578676179848
0.578394342155
0.578609795198
0.57833286011
0.578526298594
0.578409291072
0.578821860632
0.578676800563
0.578823604259
0.578856951055
0.578561496306
0.578211999063
0.578878947957
0.57841982932
0.578271272233
0.578731052945
0.579078551012
0.578174566332
0.579047982843
0.578894145347
0.578705788436
0.578883458906
0.578224027709
0.578524003489
0.578366154855
