0.880355002231
0.593845383617
0.679971696026
0.978155839571
0.896638195662
0.886394779662
0.69057911994
0.753079762557
0.703846129427
0.900220210673
0.685087945733
0.851937854043
0.88179636802
0.831734081565
1.19249825507
0.906979884714
0.614575834759
0.827947259404
0.835565635604
0.799481004408
0.861417953684
1.08088478022
1.09238080538
0.648885723402
0.863645856059
1.27414036279
0.948125491128
0.766143897814
1.22914448953
1.18801829547
0.90117771317
0.790480567625
0.943553557325
1.23005050516
0.853124463321
0.667272654473
0.668005742723
0.756178033808
1.09721326459
0.907707469546
0.86048917279
0.699691418369
0.743661576735
1.06271046596
1.06291265008
0.728862866697
0.929944769261
1.30321399311
0.764125321524
0.572534616646
0.837975297176
0.783008691785
0.792434494315
1.07485076343
0.862819909617
0.68092255451
0.929902364692
0.947677916624
0.715352398175
0.672338012869
0.876563917737
1.27087338477
1.32382757937
1.02052728581
0.790376584841
1.10994713705
0.902824115994
0.882947049209
0.80998514935
1.08696023283
0.945761428978
1.15786994618
0.734448445772
0.937946176275
1.02732574982
0.902172559408
1.06607509524
0.956315383451
1.18152634021
0.953170450553
0.797135941255
0.887316777111
0.751808903697
0.701147336019
1.22595411498
0.711855715782
0.888387506747
0.911502075263
0.612621155465
0.69132750855
0.832971523945
0.843562739797
1.15830936979
0.740706886553
0.919832029632
1.15650992966
1.09223761816
1.13328987293
0.817497095106
0.905660037755
