3.34396202663
10.4420564939
14.6276691454
9.57806433171
13.0841265179
10.1808533502
6.94766926276
4.22885609624
8.3290042177
6.2233178675
19.2812337211
5.40703317315
5.2128327617
4.59176570411
9.31986306369
17.2726085427
12.5900886208
14.1041480492
7.53631463515
12.1105319949
9.06294751255
8.09377455448
11.4107546539
6.15525858002
13.8035473491
6.21261699727
11.9257381808
7.12975842483
9.83518424148
5.93277872008
10.0189701441
11.759342079
8.02394103518
11.5608491962
18.0705694142
11.4025996813
10.3276054633
15.627165609
13.2320505727
10.2142344093
5.54629417488
7.63668354627
10.2773340524
12.4909063323
8.22283136211
8.71850054902
8.55082686759
8.20799908915
12.3136047283
11.46290025
10.5222608114
8.33971044369
11.2459520084
8.93465877893
7.27404624186
5.98479607111
9.01194368629
12.8315450262
12.0527817831
11.2624707916
11.9721061531
9.10457975223
11.1940036137
6.2730832611
23.3214639599
9.95077201564
9.01644806755
8.42565782487
8.384738722
11.5274745885
5.80737823855
14.6006345194
6.98784419095
5.44537085019
7.66845286417
13.9535748721
14.975893422
9.99088257156
9.09487129233
14.0360661107
8.53637058504
12.0594841795
13.5889655139
12.6111157822
6.18642491446
16.727688678
11.4338333642
11.4052541343
12.9057926936
5.51706295655
7.31541996915
4.42234355211
7.60599399248
20.6770718267
5.24111621533
13.8300121571
10.4086539976
6.97070724154
9.59752704975
6.39119424578
