0.0928102479559
0.092810186844
0.0928117072484
0.0928105702565
0.0928094098103
0.0928106998258
0.0928084882042
0.0928110932504
0.0928084191845
0.0928112059349
0.0928082892107
0.0928110515355
0.0928102631579
0.0928103571315
0.0928096760383
0.0928100119159
0.0928095878713
0.0928114350352
0.0928099997597
0.0928102838235
0.0928113157017
0.09280931612
0.0928108187817
0.0928107639006
0.0928094953964
0.0928102805346
0.0928109868671
0.0928106368263
0.092812298541
0.0928111539008
0.0928103821803
0.092810542282
0.0928091671591
0.0928104613855
0.0928096175366
0.0928099662461
0.0928102633961
0.0928092620475
0.0928082179375
0.0928109692243
0.0928120537618
0.0928093612917
0.0928101235143
0.0928087223345
0.0928112776036
0.0928104099266
0.0928098869386
0.0928110313033
0.0928103614564
0.0928119039715
0.0928092763559
0.0928090763717
0.0928094313941
0.0928095024443
0.092808309633
0.0928105494719
0.0928098604571
0.0928107726492
0.0928106268811
0.0928124410996
0.0928102041774
0.0928095153239
0.0928098457905
0.0928102931256
0.0928097916333
0.0928094883521
0.0928100773576
0.0928106458826
0.0928084340317
0.0928099272907
0.0928097343162
0.0928110292455
0.092810965932
0.0928105270911
0.0928106060106
0.0928097805126
0.0928097544177
0.09281113495
0.0928108191844
0.0928093891451
0.0928103698967
0.0928103806289
0.0928099461164
0.0928088895935
0.0928087587472
0.0928098201528
0.0928085638296
0.0928089621442
0.0928097673767
0.09280920442
0.0928089729143
0.0928094093139
0.0928114417299
0.0928106309469
0.0928096819635
0.0928097418884
0.0928105283408
0.0928099701377
0.0928105941411
0.0928104965441
