127.536833894
123.233819608
126.88489343
127.017000253
127.182313584
125.924726293
123.604923458
125.701668271
127.426849223
125.440622357
123.326100596
125.538775298
126.603208353
119.292881783
128.689341347
126.431020917
124.368131407
126.374823462
124.87264297
124.151623321
128.211550551
124.240217182
127.720000465
124.764027277
126.503096949
124.1568221
119.812175401
127.88050601
128.265138004
126.43023566
129.732165289
125.792997556
124.292893418
123.792265707
129.41356354
127.371794961
123.754115777
129.815237809
127.383915721
126.21648162
122.867150373
126.691215322
123.697427734
123.469014489
123.758509597
124.102567798
127.989680551
133.031440767
124.041637701
127.503410417
128.830278613
131.846958312
124.546827277
124.169918442
125.554688333
122.777469748
124.875626742
126.443866385
121.177448389
124.325235329
123.591962848
126.309639333
124.553410774
126.699980727
127.003920618
128.574147887
123.026875002
127.470634252
122.247093847
122.193968468
130.00437426
125.781409279
125.290102156
124.876511731
120.609736476
124.247277933
123.749161685
123.169354718
126.839329543
126.134175806
125.005373473
128.12246934
127.370923575
124.437831168
126.444511835
124.210661886
129.078701568
126.814021648
125.515819672
125.492672955
127.213732656
121.716945859
123.028760772
124.853262753
122.778180836
125.728249337
122.927076477
129.949293487
123.685908704
126.914111779
