0.578910625639
0.578592043375
0.578536311621
0.578742089513
0.578940829362
0.578815442424
0.578809541227
0.578781923642
0.578169662715
0.578291306259
0.578438415006
0.578552655846
0.578661853114
0.57836996556
0.578588202563
0.578974965692
0.578732768628
0.57831170318
0.579233572355
0.578777004351
0.579081143508
0.57902983928
0.578534681976
0.578575265684
0.578740369552
0.578166701753
0.579287935636
0.578915934358
0.578708608913
0.578961264741
0.578104965501
0.578678222042
0.578967569442
0.578859505787
0.579482093367
0.578479480051
0.578446591615
0.578092947185
0.57878042163
0.578583026729
0.578946085252
0.579165444142
0.578827332956
0.578269252577
0.578763906381
0.578757721545
0.57878721682
0.578343699887
0.578794635873
0.578937952182
0.578897521224
0.578435256698
0.578439625413
0.578729897002
0.578711100549
0.578916044672
0.57839987783
0.578740571285
0.578726501136
0.578346411862
0.578120530242
0.579027722778
0.578111825435
0.578565391602
0.578456272059
0.578217409418
0.578678592902
0.578306857054
0.578734557383
0.578760223266
0.578891546542
0.57920657596
0.578789029677
0.578266179283
0.579169560508
0.578900976808
0.578967611484
0.578823519478
0.57864526895
0.578452601141
0.578933331216
0.578325590051
0.578392641988
0.579198938939
0.578977454716
0.578223261377
0.578554215147
0.578546955443
0.578606519748
0.578450710493
0.579116516825
0.578988642799
0.578271310776
0.578675592647
0.57860878544
0.578448005114
0.578485312644
0.578371125583
0.578870658768
0.578535195434
