29.9314514313
49.4163068858
45.9269901564
48.1027467436
53.6170163069
29.8239120064
31.0532246308
38.148006363
37.4813614966
42.6858230826
52.9212498117
58.109617518
50.5404924268
26.1010289939
48.6831084066
53.644756221
39.6139107254
66.6308605849
49.9885378891
54.7639693331
36.4892822238
48.1813457902
32.8610734451
29.5493581774
45.622825021
26.1641582888
31.4951205338
49.8596252451
25.3016532156
32.60994109
56.107151603
36.7557379149
37.1636705888
36.7649518412
40.8483680468
50.9861553395
57.1706499132
42.9662459193
40.1721130027
29.6838449338
46.1381888037
46.0546771972
50.226294361
40.0407208173
47.6006203905
26.3130502394
35.5354893201
52.6713668261
65.9274859482
46.2354736543
61.1979117653
50.2340054717
40.5348581356
61.3913506473
50.607859673
42.638422424
46.6778773873
44.5327058429
55.6475459387
53.4004530432
46.2803319328
32.2247378368
55.8908834313
43.7686250956
38.7727543905
37.6738404465
39.8803769721
26.4418625769
41.7443660324
34.849045198
34.6389365419
41.3631680326
43.7830860598
44.5224870388
42.7900425621
31.5671748176
46.0245309329
43.139476017
55.096778183
36.1624709052
37.6369114804
27.7417981571
44.0074170682
55.8195606007
39.5030501865
36.3582850381
55.3659725504
49.1752084863
43.4534382038
47.5318349325
40.8961188249
43.2415204041
33.9521923739
46.1408014461
51.8824545969
65.2109408255
36.1366835296
59.3384863843
53.7226977399
41.5214853793
