66.654895935
76.5892098548
58.5106052182
66.5497564663
60.3717688478
69.4100129834
64.3966510009
63.2913963749
48.5279337403
59.910616825
79.5091881805
63.1272589202
65.6205727648
83.4137988394
80.4360479238
64.4363946614
75.3754225869
66.2028090498
66.8168393591
78.6953614985
68.523943554
54.7538956592
64.090649065
75.6847937507
65.9513787545
63.927776974
80.7644923612
74.0694895665
60.5040452488
65.4702874684
72.6081924317
76.0447582789
83.130975238
67.6720547716
68.3763032533
69.5793017862
67.7626016483
59.9953486749
64.1376675782
89.0751859304
73.1945054345
79.8529649389
75.4561363637
66.1324494912
68.2284249089
70.7272580427
62.5877327945
84.7488749911
81.4698208483
72.567906553
71.5623092742
61.1534734853
85.5990219639
78.5995741257
72.5833951388
72.1177402182
68.6501584246
68.9591508944
58.2343691226
64.9509724759
61.2807922359
74.229486232
66.3191056877
69.6976225386
72.629383327
63.0515931686
57.247119365
74.1701868922
64.1392993451
70.8554331615
69.8572291228
70.8116347752
76.9721011676
67.0602413184
63.9591864015
61.6599496685
71.5738613033
62.3414306425
68.2998431777
56.5594137192
66.7950804882
61.6706405043
73.3461617658
72.1829270409
74.6132312385
88.5083906661
70.6009705449
78.2238376642
65.160773724
74.3125532654
64.0019117938
71.1803107053
58.9045557716
61.1046732932
54.8356831334
75.0388654988
67.7958180241
63.408781094
65.1749163665
79.4864157426
