122.575453428
121.638937084
120.806560935
121.148676025
123.964313523
119.945873093
119.634513573
119.463084053
124.215119908
120.452757174
120.060748241
121.149436203
121.607518597
120.43859555
121.101273137
121.32496723
123.339964085
120.17044286
119.669951019
120.956526496
121.414494398
118.626536802
121.502537163
120.582290999
121.413135331
118.351335635
122.130296823
120.835504428
122.345718605
121.484867621
122.374294251
121.205403138
121.915283992
121.456769713
120.768417939
121.35106814
120.861198923
121.210051546
123.311213889
121.909699019
119.546236175
121.303767194
122.914399728
120.108657144
119.950794972
118.176698319
120.752453996
120.446114765
120.527676731
119.075725388
120.606973059
119.886616641
121.391159399
121.260763332
119.493193675
120.518981923
120.207232785
120.957201195
121.397468377
121.834411373
121.171065897
122.454459166
119.863157687
121.228172036
121.706159257
120.650342527
122.501834429
121.941287761
120.30210492
121.085144306
121.411206727
118.433698706
122.561617649
121.407151991
124.116334748
120.486801741
122.299997783
121.493638373
122.826258203
120.336109496
120.219970129
125.141863727
119.546770364
120.578407898
120.141869837
121.589563085
120.326518043
121.561555618
119.635235658
118.308228154
122.251496082
121.375691237
123.80580599
122.417403839
119.572421339
122.776802864
118.867041216
120.518062004
120.967180322
121.424347989
